0 0.007812499920375
0.05 0.00779198625517188
0.1 0.007812500181875
0.15 0.00781250018176563
0.2 0.00781250018171875
0.25 0.00781250018167187
0.3 0.00781250018153125
0.35 0.00781250018146875
0.4 0.00781250018151563
0.45 0.00781250018145312
0.5 0.00781250018148437
0.55 0.00781250018301563
0.6 0.00781250018146875
0.65 0.00781251472703125
0.7 0.00783502151910937
0.75 0.127846302476594
0.8 0.197777341318594
0.85 0.244744721775047
0.9 0.285637659770703
0.95 0.310570708229125
1 0.348015911430188
1.05 0.372949196566
1.1 0.386217051487781
1.15 0.410417331363016
1.2 0.422953017381234
1.25 0.447881762477125
1.3 0.460385749198172
1.35 0.472897439443156
1.4 0.485442396637672
1.45 0.498026270664859
1.5 0.498030246315438
1.55 0.510593146926344
1.6 0.523090455974875
1.65 0.535580173716047
1.7 0.535580302150438
1.75 0.548174684980578
1.8 0.548175246116516
1.85 0.560846789041391
1.9 0.572854557727422
1.95 0.573419258220094
2 0.585810047826234
2.05 0.585810168886312
2.1 0.59818927522075
2.15 0.598189282380547
2.2 0.610762715887797
2.25 0.610762716218203
2.3 0.623463902314297
2.35 0.623463902456156
2.4 0.636021146108906
2.45 0.636021210836484
2.5 0.648341443876484
2.55 0.648341449076375
2.6 0.660661555577359
2.65 0.660661555765641
2.7 0.673226293926719
2.75 0.673226293984438
2.8 0.685936972112438
2.85 0.685963107485484
2.9 0.698479662832953
2.95 0.699923203523734
3 0.710766046793141
3.05 0.722287488702375
3.1 0.723066169622453
3.15 0.735615425121062
3.2 0.737291849841984
3.25 0.748350746258531
3.3 0.760799469418984
3.35 0.76274909185425
3.4 0.773156789277672
3.45 0.785409065954469
3.5 0.797175343730906
3.55 0.804343312614672
3.6 0.812717016789172
3.65 0.824365794712984
3.7 0.842157519789891
3.75 0.851637194493219
3.8 0.869259511612563
3.85 0.883585154349688
3.9 0.906478707365953
3.95 0.934714636108578
4 0.990370567612641
4.05 0.999965224352297
4.1 0.999975800254406
4.15 0.999997350720437
4.2 0.999999797486703
4.25 0.999999967018984
4.3 0.999999991531406
4.35 0.999999998781594
4.4 0.999999999744469
4.45 0.999999999858437
4.5 0.999999999968297
4.55 0.999999999973422
4.6 0.999999999992594
4.65 0.999999999999406
4.7 0.999999999999687
4.75 0.999999999999766
4.8 0.999999999999937
4.85 1
4.9 1
4.95 1
5 1
5.05 1
5.1 1
5.15 1
5.2 1
5.25 1
5.3 1
5.35 1
5.4 1
5.45 1
5.5 1
5.55 1
5.6 1
5.65 1
5.7 1
5.75 1
5.8 1
5.85 1
5.9 1
5.95 1
6 1
