0 0
0.028151822 0.01
0.028809647 0.005
0.057007601 0.02
0.059470832 0.015
0.084985932 0.03
0.090462121 0.025
0.11208233 0.04
0.12177506 0.035
0.13831883 0.05
0.1534031 0.045
0.16370449 0.06
0.18533173 0.055
0.18823529 0.07
0.2119249 0.08
0.2175707 0.065
0.24808674 0.09
0.25010376 0.075
0.26961547 0.085
0.28602444 0.095
0.28680119 0.1
0.30709637 0.105
0.32030161 0.11
0.32732183 0.115
0.34674552 0.125
0.35407732 0.12
0.36534687 0.135
0.38810414 0.13
0.39310813 0.145
0.41240567 0.14
0.42775016 0.155
0.42925646 0.15
0.4453259 0.16
0.46058195 0.17
0.46260678 0.165
0.47504997 0.18
0.4976941 0.175
0.50372329 0.19
0.51799669 0.185
0.53076417 0.195
0.53935322 0.2
0.54275437 0.205
0.55397641 0.215
0.57517742 0.21
0.58181435 0.225
0.59380567 0.22
0.6033555 0.23
0.61215704 0.24
0.61815031 0.235
0.62504487 0.25
0.64982052 0.245
0.65698838 0.255
0.66185885 0.26
0.66341888 0.265
0.66899362 0.275
0.69896508 0.27
0.7037849 0.28
0.70628322 0.285
0.70790359 0.29
0.71366472 0.3
0.74135822 0.295
0.74390218 0.305
0.74576595 0.315
0.75139604 0.31
0.75903702 0.325
0.77716099 0.32
0.77716898 0.34
0.77749842 0.33
0.79719015 0.335
0.80475084 0.355
0.80508101 0.35
0.80656377 0.345
0.81293352 0.365
0.82584017 0.38
0.82973417 0.37
0.83301054 0.36
0.8468638 0.395
0.85180414 0.375
0.85217157 0.385
0.85993864 0.39
0.86542526 0.41
0.86805264 0.405
0.87211524 0.4
0.87616426 0.42
0.881572 0.425
0.88428217 0.435
0.88961587 0.415
0.89242341 0.45
0.89535923 0.44
0.9005938 0.465
0.90472864 0.43
0.90684212 0.455
0.90881184 0.48
0.91607591 0.47
0.91708892 0.495
0.9175014 0.445
0.9231195 0.485
0.92544499 0.51
0.92799908 0.46
0.92802954 0.5
0.93086477 0.515
0.93108472 0.545
0.93168359 0.53
0.93389469 0.525
0.93627251 0.475
0.9423823 0.49
0.94245984 0.54
0.9457878 0.55
0.94638264 0.505
0.94829848 0.535
0.94833544 0.52
0.95115317 0.555
1.0278358 0.56
1.1035257 0.565
1.1782173 0.57
1.2519049 0.575
1.3245828 0.58
1.3962452 0.585
1.4668867 0.59
1.5365021 0.595
1.6050865 0.6
1.6726354 0.605
1.7391448 0.61
1.804611 0.615
1.8690309 0.62
1.9324018 0.625
1.9947213 0.63
2.0559878 0.635
2.1162 0.64
2.1753569 0.645
2.2334582 0.65
2.290504 0.655
2.3464948 0.66
2.4014315 0.665
2.4553157 0.67
2.5081489 0.675
2.5599336 0.68
2.6106724 0.685
2.6603681 0.69
2.7090243 0.695
2.7566447 0.7
2.8032334 0.705
2.8487948 0.71
2.8933338 0.715
2.9368555 0.72
2.9793652 0.725
3.0208687 0.73
3.061372 0.735
3.1008814 0.74
3.1394034 0.745
3.1769449 0.75
3.2135128 0.755
3.2491145 0.76
3.2837575 0.765
3.3174494 0.77
3.3501982 0.775
3.382012 0.78
3.4128991 0.785
3.442868 0.79
3.4719273 0.795
3.5000858 0.8
3.5273524 0.805
3.5537363 0.81
3.5792466 0.815
3.6038927 0.82
3.6276841 0.825
3.6506303 0.83
3.6727409 0.835
3.6940258 0.84
3.7144947 0.845
3.7341575 0.85
3.7530244 0.855
3.7711053 0.86
3.7884103 0.865
3.8049497 0.87
3.8207335 0.875
3.8357721 0.88
3.8500758 0.885
3.8636551 0.89
3.8765199 0.895
3.8886803 0.9
3.9001484 0.905
3.9109319 0.91
3.9210439 0.915
3.9304929 0.92
3.9392894 0.925
3.9474452 0.93
3.9549694 0.935
3.9618725 0.94
3.9681652 0.945
3.9738572 0.95
3.9789595 0.955
3.9834819 0.96
3.9874355 0.965
3.9908276 0.97
3.9936709 0.975
3.9959766 0.98
3.9978063 0.985
3.9994998 0.99
4 1
4.1 1
