0  2  2  2  2
1  1.33333  1.33333  1.10853  1.00928
2  0.444444  0.444444  0.812802  0.826994
3  0.148148  0.148148  0.573786  0.517186
4  0.0493827  0.0493827  0.632852  0.660196
5  0.0164609  0.0164609  0.442938  0.397284
6  0.00548697  0.00548697  0.5543  0.585165
7  0.00182899  0.00182899  0.381287  0.336374
8  0.000609663  0.000609663  0.509234  0.539939
9  0.000203221  0.000203221  0.343243  0.29768
10  6.77404e-05  6.77404e-05  0.477854  0.50828
11  2.25801e-05  2.25801e-05  0.315135  0.269684
12  7.52671e-06  7.52671e-06  0.453744  0.484027
13  2.5089e-06  2.5089e-06  0.293197  0.247508
14  8.36301e-07  8.36301e-07  0.43417  0.464335
15  2.78767e-07  2.78767e-07  0.275  0.229239
16  9.29223e-08  9.29223e-08  0.417635  0.447721
17  3.09741e-08  3.09741e-08  0.259504  0.21373
18  1.03247e-08  1.03247e-08  0.403394  0.433383
19  3.44157e-09  3.44157e-09  0.24602  0.200157
20  1.14719e-09  1.14719e-09  0.390748  0.420765
21  3.82401e-10  3.82396e-10  0.233961  0.188128
22  1.27471e-10  1.27465e-10  0.379484  0.409412
23  4.24947e-11  4.24885e-11  0.223156  0.177287
24  1.417e-11  1.41628e-11  0.369146  0.399086
25  4.72849e-12  4.72092e-12  0.213175  0.167329
26  1.58116e-12  1.57369e-12  0.359698  0.389617
27  5.3187e-13  5.24559e-13  0.20401  0.15815
28  1.8198e-13  1.74799e-13  0.350823  0.380762
29  6.5651e-14  5.81703e-14  0.195352  0.149565
30  2.70245e-14  1.92198e-14  0.34251  0.372409
31  1.41375e-14  6.1744e-15  0.187197  0.141394
32  1.03878e-14  1.48651e-15  0.334579  0.364525
33  1.14302e-14  1.35916e-15  0.179383  0.133642
34  1.58274e-14  6.25557e-15  0.326939  0.356918
35  2.65806e-14  1.9504e-14  0.171801  0.126172
36  5.84214e-14  5.83829e-14  0.319592  0.349494
37  1.5562e-13  1.74941e-13  0.164482  0.118809
38  4.50925e-13  5.24857e-13  0.31227  0.342321
39  1.34058e-12  1.57404e-12  0.157114  0.111653
40  4.01023e-12  4.72119e-12  0.305217  0.335187
41  1.20157e-11  1.4163e-11  0.149983  0.104563
42  3.60303e-11  4.24886e-11  0.29789  0.327914
43  1.08074e-10  1.27465e-10  0.142465  0.0972332
44  3.24206e-10  3.82396e-10  0.290848  0.32075
45  9.72601e-10  1.14719e-09  0.135162  0.089966
46  2.91779e-09  3.44157e-09  0.283183  0.3134
47  8.75336e-09  1.03247e-08  0.126958  0.0826218
