0  0.000488281  0.0190504  0.123535  0.198242  0.343262  0.527751
1  0.000545106  0.00242318  0.00578648  0.00720122  0.00926588  0.0114506
2  0.000716252  0.00288852  0.0062437  0.00757781  0.00948849  0.0116576
3  0.00100375  0.00343073  0.00675079  0.00798484  0.009716  0.0118666
4  0.00141103  0.00404392  0.00730173  0.00842004  0.00995229  0.0120782
5  0.00194297  0.00472785  0.00789158  0.00888573  0.0102213  0.0122934
6  0.00260598  0.00548383  0.00851506  0.00939308  0.0105747  0.0125134
7  0.00340813  0.00631524  0.00916802  0.00993975  0.0109868  0.0127397
8  0.00435926  0.00724376  0.00984813  0.0105263  0.0114556  0.0129742
9  0.00547112  0.00820369  0.0105553  0.0111535  0.0119794  0.0132191
10  0.00675756  0.00923269  0.011292  0.0118229  0.0125572  0.0134777
11  0.00823471  0.0103685  0.012064  0.0125366  0.0131889  0.0137546
12  0.00992107  0.0116207  0.0128869  0.0132973  0.013876  0.0140571
13  0.0118377  0.0129987  0.0137602  0.014109  0.0146208  0.0144
14  0.0140084  0.0145131  0.0146888  0.0149767  0.0154272  0.0148757
15  0.0164592  0.0161762  0.0156799  0.0159066  0.0163007  0.0156202
16  0.0192187  0.0180022  0.0167426  0.0169067  0.0172483  0.0164715
17  0.022317  0.0200069  0.0178885  0.017987  0.0182791  0.0174416
18  0.0257844  0.0222071  0.019132  0.01916  0.0194046  0.0185868
19  0.02965  0.0246204  0.0204915  0.0204418  0.0206397  0.0192411
20  0.0339383  0.0272646  0.0219906  0.0218526  0.022003  0.0200303
21  0.0386646  0.0301562  0.023661  0.0234192  0.023519  0.0209583
22  0.0438291  0.0333113  0.0255576  0.0251772  0.0252197  0.0220426
23  0.0494079  0.0367468  0.0276846  0.0271759  0.0271489  0.0233151
24  0.0553429  0.0404967  0.0301599  0.0294853  0.029368  0.0248253
25  0.0615297  0.0446553  0.0331057  0.0322112  0.0319672  0.0266488
26  0.0678067  0.0493514  0.0367015  0.0355221  0.0350892  0.0289044
27  0.0739481  0.0546889  0.0412434  0.0397091  0.0389848  0.0317907
28  0.0796661  0.0609786  0.0472898  0.0453303  0.0436082  0.035671
29  0.0846283  0.0690688  0.0560954  0.0535988  0.0505382  0.0413019
30  0.0884916  0.0816614  0.0713017  0.0679809  0.0623488  0.0506385
31  0.0909516  0.111403  0.1096  0.103856  0.089569  0.0713934
32  0.0917969  0.292369  0.374309  0.314667  0.187644  0.13977
33  0.0909516  0.111403  0.1096  0.103856  0.089569  0.0713934
34  0.0884916  0.0816614  0.0713017  0.0679809  0.0623488  0.0506385
35  0.0846283  0.0690688  0.0560954  0.0535988  0.0505382  0.0413019
36  0.0796661  0.0609786  0.0472898  0.0453303  0.0436082  0.035671
37  0.0739481  0.0546889  0.0412434  0.0397091  0.0389848  0.0317907
38  0.0678067  0.0493514  0.0367015  0.0355221  0.0350892  0.0289044
39  0.0615297  0.0446553  0.0331057  0.0322112  0.0319672  0.0266488
40  0.0553429  0.0404967  0.0301599  0.0294853  0.029368  0.0248253
41  0.0494079  0.0367468  0.0276846  0.0271759  0.0271489  0.0233151
42  0.0438291  0.0333113  0.0255576  0.0251772  0.0252197  0.0220426
43  0.0386646  0.0301562  0.023661  0.0234192  0.023519  0.0209583
44  0.0339383  0.0272646  0.0219906  0.0218526  0.022003  0.0200303
45  0.02965  0.0246204  0.0204915  0.0204418  0.0206397  0.0192411
46  0.0257844  0.0222071  0.019132  0.01916  0.0194046  0.0185868
47  0.022317  0.0200069  0.0178885  0.017987  0.0182791  0.0174416
48  0.0192188  0.0180022  0.0167426  0.0169067  0.0172483  0.0164715
49  0.0164592  0.0161762  0.0156799  0.0159066  0.0163007  0.0156202
50  0.0140084  0.0145131  0.0146888  0.0149767  0.0154272  0.0148757
51  0.0118377  0.0129987  0.0137602  0.014109  0.0146208  0.0144
52  0.00992107  0.0116207  0.0128869  0.0132973  0.013876  0.0140571
53  0.00823471  0.0103685  0.012064  0.0125366  0.0131889  0.0137546
54  0.00675756  0.00923269  0.011292  0.0118229  0.0125572  0.0134777
55  0.00547112  0.00820369  0.0105553  0.0111535  0.0119794  0.0132191
56  0.00435926  0.00724376  0.00984813  0.0105263  0.0114556  0.0129742
57  0.00340813  0.00631524  0.00916802  0.00993975  0.0109868  0.0127397
58  0.00260598  0.00548383  0.00851506  0.00939308  0.0105747  0.0125134
59  0.00194297  0.00472785  0.00789158  0.00888573  0.0102213  0.0122934
60  0.00141103  0.00404392  0.00730173  0.00842004  0.00995229  0.0120782
61  0.00100375  0.00343073  0.00675079  0.00798484  0.009716  0.0118666
62  0.000716252  0.00288852  0.0062437  0.00757781  0.00948849  0.0116576
63  0.000545106  0.00242318  0.00578648  0.00720122  0.00926588  0.0114506
64  0.000488281  0.0190504  0.123535  0.198242  0.343262  0.527751
