0 0.69314718056
0.05 0.69314718056
0.1 0.69314718056
0.15 0.69314718056
0.2 0.69314718056
0.25 0.69314718056
0.3 0.69314718056
0.35 0.69314718056
0.4 0.69314718056
0.45 0.69314718056
0.5 0.69314718056
0.55 0.69314718056
0.6 0.69314718056
0.65 0.693147180543
0.7 0.693147180184
0.75 1.039636547071
0.8 1.366937711929
0.85 1.21113719501
0.9 1.353440287131
0.95 1.336911874834
1 1.311050137823
1.05 1.288954482538
1.1 1.228219202802
1.15 1.248980190676
1.2 1.231282580556
1.25 1.201554646796
1.3 1.184576428719
1.35 1.163654475634
1.4 1.147183058147
1.45 1.122089661743
1.5 1.12187534184
1.55 1.109342150542
1.6 1.080604581455
1.65 1.075608814326
1.7 1.075618561412
1.75 1.043222171193
1.8 1.043181797945
1.85 1.047977510363
1.9 0.989184963367
1.95 1.012076720684
2 1.026530343189
2.05 1.026541057911
2.1 0.987415959259
2.15 0.987416937965
2.2 1.010103917815
2.25 1.010103964251
2.3 0.968155897185
2.35 0.968155908243
2.4 0.997125266522
2.45 0.997133278834
2.5 0.952791526722
2.55 0.952792629493
2.6 0.986293046786
2.65 0.986293260058
2.7 0.93991639403
2.75 0.939916753235
2.8 0.976556700126
2.85 0.975327733233
2.9 0.928356466599
2.95 0.882025572176
3 0.967152784652
3.05 0.890456116823
3.1 0.917148487001
3.15 0.956458151879
3.2 0.893872558797
3.25 0.905534112985
3.3 0.943169773411
3.35 0.873054990653
3.4 0.891531487742
3.45 0.933096052459
3.5 0.845557565251
3.55 0.766740469645
3.6 0.835546403816
3.65 0.808536910943
3.7 0.750854090627
3.75 0.708730387873
3.8 0.669645798707
3.85 0.672978561297
3.9 0.570230366333
3.95 0.455005571036
4 0.077501550826
4.05 1.784852e-06
4.1 7.2111e-08
4.15 2.333e-09
4.2 1.079e-09
4.25 1.11e-10
4.3 1.13e-10
4.35 0.0
4.4 3e-12
4.45 0.0
4.5 0.0
4.55 0.0
4.6 0.0
4.65 0.0
4.7 0.0
4.75 -0.0
4.8 0.0
4.85 -0.0
4.9 -0.0
4.95 0.0
5 0.0
5.05 -0.0
5.1 -0.0
5.15 -0.0
5.2 -0.0
5.25 -0.0
5.3 -0.0
5.35 0.0
5.4 -0.0
5.45 0.0
5.5 -0.0
5.55 -0.0
5.6 -0.0
5.65 0.0
5.7 -0.0
5.75 0.0
5.8 0.0
5.85 -0.0
5.9 -0.0
5.95 -0.0
6 0.0
