0.0 -0.0 -0.0 -0.0 -0.0 -0.0 -0.0 -0.0 -0.0 
0.01 1.332346694432097 0.009550354280453983 0.004232545073031234 0.0035263689050586554 0.0031392199988251658 0.00286635932574758 0.00260126777658165 0.002259603500698012 
0.02 1.3293906809390073 0.03501288728468015 0.016427870148079195 0.013853324895296455 0.012375039779246722 0.011315483534173373 0.010278405462011768 0.008935706748300925 
0.03 1.3244769556723517 0.07211074276370731 0.03582926376312329 0.03059842956398028 0.02742572680790711 0.02511223809976439 0.022832012905010933 0.019864875242174278 
0.04 1.317624910898374 0.11729901057418049 0.06167589248966946 0.05336589381560806 0.04799843656475053 0.04401106637346483 0.04004955914070319 0.0348703010656202 
0.05 1.3088615885120505 0.167784874786686 0.09319863306523507 0.08173181608520823 0.07378711957880862 0.06775150320218484 0.061706612600472735 0.05376069331703198 
0.06 1.2982215733443008 0.22140516078460032 0.1295984247057438 0.11504468306721817 0.10447186240172844 0.09606016072444046 0.08756546743110645 0.07633233031637118 
0.07 1.2857468566744616 0.2765175942158181 0.17009308395557607 0.15270173814102547 0.13971668267549467 0.1286515843318474 0.11737535252880316 0.10236712011179909 
0.08 1.2714866705103385 0.3318874999079071 0.21391611903419577 0.1940355390192195 0.17916584618358442 0.16522778077502992 0.15087332515793295 0.13162964534976904 
0.09 1.2554972932916306 0.38659053873679666 0.2603324200982192 0.23836283329602537 0.22243863419380755 0.2054774782041663 0.18778526920659047 0.16386540493841462 
0.1 1.237841827785281 0.43993686624794165 0.3086478063561333 0.2850073889332507 0.26911790538960334 0.24907529326354433 0.2278258716597363 0.19879729911528368 
0.11 1.2185899520477728 0.49141612385013145 0.35821485696854005 0.3333166222759328 0.31872127415507134 0.29568067670857606 0.2706983947610574 0.2361187007015764 
0.12 1.1978176444373922 0.5406566257152596 0.4084358408672133 0.38267239779060214 0.37059435051618905 0.34493613938992296 0.3160944404155748 0.2754750007605427 
0.13 1.1756068837620566 0.5873949031607232 0.4587634617780333 0.43249787620083086 0.4215467738926209 0.3964643098415145 0.36369354467968695 0.316384293455609 
0.14 1.1520453257467156 0.631449738832992 0.5086998205614589 0.4822601866721159 0.47250295261135505 0.44986236751033404 0.41316244024462384 0.3608272733185442 
0.15 1.1272259570968282 0.6727007521723581 0.5577944451339503 0.5314713129776741 0.5230233854525804 0.5046916505909866 0.4641547474240235 0.4107736464463047 
0.16 1.1012467285215315 0.7110755326507526 0.6056414736786518 0.5796871181836797 0.5726529055691018 0.560456011091045 0.5163097751784046 0.4628764142451503 
0.17 1.0742101681672707 0.7465432153964149 0.651876316860296 0.6265054435472152 0.6209647747093654 0.6165444198143694 0.5692510207147418 0.5170296228788439 
0.18 1.0462229769854348 0.779112672232101 0.6961724300490801 0.6715633468050476 0.6675688789507158 0.6720063188009268 0.6225811853953398 0.5730486807444913 
0.19 1.017395607633409 0.8088503464387529 0.7382380766397829 0.7145346839745056 0.7121132066740025 0.7199780855967068 0.6758756511864964 0.6307221963166486 
0.2 0.987841828568373 0.8360186787186433 0.7778133422302443 0.7551283873631551 0.7542819023855637 0.7649393483378905 0.7286723983983703 0.6898253563894143 
0.21 0.9576782750541984 0.8600960102597877 0.8146674202789864 0.7930852250281376 0.793793264517641 0.8068768981716934 0.7804524886417765 0.7501238285447442 
0.22 0.927023988856173 0.8809007799914998 0.8485963905946268 0.8281760598889015 0.8303974684796929 0.8456105572606589 0.8305984300640903 0.8113755922398477 
0.23 0.8959999484372014 0.898339863450341 0.8794210969637342 0.8602002274921439 0.863875218663049 0.8809412313945961 0.8782990523649882 0.8733318489439295 
0.24 0.8647285915112707 0.9123614249615865 0.9069856004499234 0.8889836249578164 0.8940361290916357 0.9126796921055206 0.92227296612541 0.9357375020723157 
0.25 0.8333333318376053 0.9229381586966806 0.9311557745005521 0.9143770149474535 0.920717281767625 0.9406498191786479 0.9594165161015327 0.9983309388916544 
0.26 0.8019380721629017 0.9300595124314214 0.9518179325955789 0.9362549311098178 0.9437811536297711 0.9646902396338998 1.0076810062644475 1.0608433328459486 
0.27 0.7706667152340423 0.9337271200367985 0.968877766969398 0.9545142971601684 0.9631138209847948 0.9846532609910844 1.0489404962975453 1.1229970255725241 
0.28 0.7396426748103121 0.9339504850458664 0.9822592425346166 0.9690727201484277 0.978625562700594 1.0003961767332663 1.0849199741185545 1.1845025168488128 
0.29 0.708988388605821 0.9307410174179287 0.9919034342767981 0.9798676802402135 0.9902478128202914 1.01175969974529 1.1159118664035406 1.245053069110004 
0.3 0.6788248350835928 0.9241005793978401 0.9977673142104801 0.9868541774489971 0.9979315849731172 1.0185230486706405 1.1419081301147793 1.30431557503452 
0.31 0.6492710560090096 0.9139928901340758 0.9998224467334953 0.9900043621588115 1.001647157478855 1.0202256248794883 1.162807972924118 1.3619147139704901 
0.32 0.6204436866462312 0.9002365746042349 0.9980533006518776 0.9893057555962714 1.0013779765992017 1.0151899146252854 1.178480550600922 1.4174045838700693 
0.33 0.5924564954523962 0.8831576915868082 0.9924551271318895 0.9847591482020178 0.9971193444364873 1.0297165478805281 1.1887855037817305 1.4702152872768857 
0.34 0.5654199350851409 0.8630333889741709 0.9830312807166596 0.9763755998523561 0.9888752081585882 1.0367552752548779 1.193581229161357 1.519542368005964 
0.35 0.5394407064963701 0.8401387313746349 0.9697896665678511 0.9641742039493486 0.9766414850204896 1.0379625170309308 1.192733944157718 1.5640796531901142 
0.36 0.51462133783302 0.8147534928780165 0.9527382596750964 0.948179102211287 0.960385756617973 1.0336747111116147 1.186114260901802 1.6010596720374644 
0.37 0.4910597798044568 0.7871563131739999 0.9318790992704403 0.9284126142548945 0.9399661257922367 1.0239601117389718 1.173590265907645 1.6117252798280768 
0.38 0.46884901911614607 0.7576167051584575 0.9072001917438612 0.9048889674500645 0.9146566580187212 1.008787249665165 1.1550242047048882 1.5974407357684886 
0.39 0.4480767114937458 0.7263815876166714 0.8786646794596179 0.8776036170320366 0.9002484708788441 0.9880719197001824 1.130260836861235 1.5701933334519487 
0.4 0.42882483574570407 0.6936525911076507 0.8461955795249885 0.8465188412787521 0.8785436170210681 0.9616877393121517 1.0991203591539496 1.5312894760915565 
0.41 0.41116937023065375 0.6595538167786081 0.8096545704579248 0.8115383639338135 0.8506064982982808 0.9294567976399031 1.0613810064961253 1.4811185279993535 
0.42 0.3951799930054065 0.624089189746765 0.7688100445405367 0.7724761546164646 0.816540709937901 0.8911333718264473 1.016751941935087 1.4196850183888239 
0.43 0.38091980683750426 0.5870798739457721 0.7232884451014147 0.7290009258443991 0.7761518468169847 0.8463639347848162 0.9648355670405425 1.3466696985000624 
0.44 0.3684450901672077 0.5480647974790572 0.6724931244736225 0.6805625297266487 0.7290096659007576 0.7946229768154153 0.9050473001455073 1.2613688610930662 
0.45 0.3578050750027058 0.5061313383722404 0.6154631566808508 0.6262567358679647 0.6743699115627965 0.7350885082886961 0.8364429330569232 1.1625448623619645 
0.46 0.3490417526234084 0.4596008851731883 0.5506198518113563 0.5667563273956161 0.6109751924791457 0.666388787737619 0.757424545005102 1.0481471689576336 
0.47 0.3421897078598502 0.4053671331319976 0.47525077339922456 0.49564319145863395 0.5365449955212405 0.5860396122508971 0.6651056217464918 0.9145357649897656 
0.48 0.33727598260300096 0.337356381522214 0.3842277256454477 0.40858124109351046 0.4463609841324253 0.4888499384950819 0.5538160520964053 0.7538316198399465 
0.49 0.33431996908220607 0.24062538289160704 0.2650229058320248 0.2941905632595013 0.3286050420448459 0.362016848587767 0.4085483951182746 0.5458545804536078 
0.5 0.33333333333335063 0.05669039636551321 0.06855225401270276 0.10223475527563414 0.12849250088894026 0.14506732547172982 0.16078245082687537 0.19853634790073546 
0.51 0.33431996915763557 0.24062538286286764 0.26502290584725374 0.2941905632740409 0.3286050420600427 0.3620168485979606 0.4085483951196722 0.5458545805049603 
0.52 0.3372759827553562 0.33735638168256266 0.3842277258148691 0.4085812412648221 0.44636098431931964 0.48884993871091903 0.5538160523481653 0.7538316201374063 
0.53 0.34218970809208854 0.40536713339152647 0.4752507737199486 0.4956431917964747 0.536544995890093 0.5860396126405649 0.6651056221663646 0.9145357656746467 
0.54 0.3490417529399879 0.4596008855909413 0.5506198523162688 0.566756327912642 0.6109751930304214 0.6663887883338956 0.7574245456960186 1.0481471699286358 
0.55 0.35780507540957196 0.5061313389499271 0.615463157383412 0.6262567365831945 0.6743699123258575 0.735088509124482 0.8364429340281951 1.162544863683058 
0.56 0.36844509067182657 0.5480647982270994 0.6724931253926002 0.6805625306598024 0.7290096668995202 0.7946229779096967 0.9050473014038181 1.2613688628216606 
0.57 0.3809198074488206 0.5870798748812429 0.7232884462572723 0.7290009270145138 0.7761518480663299 0.8463639361513928 0.9648355686011159 1.3466697006682928 
0.58 0.39517999373388435 0.6240891908889972 0.7688100459521349 0.7724761560391348 0.8165407114482162 0.8911333734777314 1.0167519438148116 1.4196850210145708 
0.59 0.4111693710882934 0.6595538181471092 0.8096545721416598 0.8115383656229522 0.8506065000777099 0.92945679958601 1.0613810087118822 1.4811185310954236 
0.6 0.4288248367460587 0.6936525927211917 0.8461955814949629 0.8465188432482792 0.8785436190755679 0.9616877415613709 1.0991203617192733 1.5312894796664338 
0.61 0.44807671265192967 0.7263815894930136 0.8786646817279318 0.8776036192942837 0.9002484732120587 0.9880719222582778 1.1302608397846399 1.5701933375087054 
0.62 0.4688490204488992 0.7576167073144633 0.9072001943208978 0.9048889700163332 0.9146566606176825 1.0087872525353345 1.155024207991113 1.5974407403030866 
0.63 0.4910597813301144 0.7871563156255378 0.9318791021649219 0.9284126171341791 0.9399661287032646 1.0239601149221955 1.1735902695577516 1.611725284826417 
0.64 0.5146213395716435 0.8147534956396288 0.9527382628940814 0.9481791054110947 0.9603857598560676 1.0336747146055891 1.1861142649132543 1.6010596774407253 
0.65 0.5394407084697486 0.840138734459175 0.9697896701166628 0.9641742074747616 0.9766414885888781 1.0379625208301604 1.1927339485251796 1.5640796589114754 
0.66 0.5654199373168595 0.8630333923931767 0.9830312845989352 0.9763756037065161 0.9888752120594353 1.0367552793509374 1.1935812338765788 1.519542374003637 
0.67 0.5924564979679757 0.8831576953501329 0.9924551313491987 0.9847591523857154 0.9971193486698192 1.0297165522594123 1.1887855088331627 1.4702152935194632 
0.68 0.6204436894731655 0.9002365787197634 0.998053305203795 0.9893057601082004 1.0013779811631611 1.0151899192477842 1.1784805559737632 1.4174045903282646 
0.69 0.6492710591769515 0.9139928946081501 0.9998224516174509 0.9900043669952985 1.001647162369182 1.0202256298436725 1.1628079786001417 1.3619147206155544 
0.7 0.6788248386245356 0.9241005842327344 0.9977673194217342 0.9868541826040955 0.9979315901831696 1.018523053976956 1.1419081360726195 1.3043155818383545 
0.71 0.7089883925542106 0.9307410226146382 0.9919034398082038 0.9798676857054719 0.99024781834081 1.0117597053780076 1.1159118726178592 1.2450530760437741 
0.72 0.7396426792034017 0.9339504906046885 0.9822592483767343 0.9690727259131706 0.9786255685196701 1.0003961826761745 1.0849199805603862 1.1845025238840277 
0.73 0.7706667201120768 0.9337271259568556 0.9688777731104176 0.9545143032111504 0.9631138270879548 0.9846532672265655 1.048940502933553 1.1229970326806558 
0.74 0.8019380775696305 0.9300595187104248 0.9518179390212057 0.9362549374312599 0.9437811599998247 0.9646902461420861 1.0076810130566798 1.0608433399981894 
0.75 0.8333333378205973 0.9229381653303994 0.9311557811939771 0.9143770215209756 0.9207172883845467 0.9406498259367786 0.959416522980377 0.9983309460592197 
0.76 0.8647285981225293 0.9123614319438706 0.9069856073917997 0.8889836317624451 0.8940361359327182 0.9126796990876265 0.9222729731586052 0.9357375092263789 
0.77 0.8959999557339142 0.8983398707728197 0.8794211041321565 0.8602002345041673 0.8638752257028347 0.8809412385719415 0.8782990595097896 0.873331856056004 
0.78 0.9270239969014625 0.8809007876434908 0.8485963979649922 0.8281760670819637 0.8303974756896839 0.8456105646014 0.8305984372706243 0.8113755992814885 
0.79 0.9576782839183353 0.8600960182281641 0.8146674278240227 0.7930852323730088 0.7937932718667424 0.8068769056405907 0.7804524958667018 0.7501238354877331 
0.8 0.9878418383300865 0.8360186869875292 0.7778133499199279 0.755128394827948 0.7542819098396538 0.7649393558961252 0.7286724056018337 0.6898253632062137 
0.81 1.0173956183816102 0.8088503549895087 0.7382380844412115 0.7145346915244127 0.7121132141960504 0.7199780932008488 0.6758756583302834 0.6307222029800122 
0.82 1.0462229888215808 0.7791126810496162 0.696172437926364 0.6715633544024601 0.6675688865008597 0.6720063264022206 0.6225811924422352 0.5730486872276476 
0.83 1.0742101812081666 0.7465432244616871 0.6518763247745666 0.6265054511516709 0.6209647822449197 0.616544427299059 0.5692510276284051 0.5170296291557184 
0.84 1.101246742903394 0.7110755419386797 0.6056414815878969 0.5796871257518873 0.5726529130443491 0.5604560184096189 0.5163097819233421 0.4628764202903175 
0.85 1.1272259729802752 0.6727007616519455 0.5577944529929574 0.5314713204635954 0.523023392818919 0.5046916577011544 0.46415475396565525 0.4107736522349109 
0.86 1.152045343323923 0.6314497484669801 0.5086998283217782 0.4822601940269567 0.4725029598173675 0.44986237437249005 0.4131624465489408 0.3608272788232092 
0.87 1.1756069032665837 0.5873949129045521 0.45876346938794915 0.4324978833732167 0.42154678088381153 0.3964643164177372 0.3636935507134265 0.31638429870298834 
0.88 1.1978176661580606 0.5406566355161826 0.40843584827186646 0.38267240472684855 0.37059435723477063 0.3449361456436148 0.31609444614653665 0.27547500575506534 
0.89 1.2185899763489598 0.49141613364571995 0.3582148641100853 0.33331662892042957 0.3187212805105424 0.29568068260424935 0.2706984001580796 0.23611870541062072 
0.9 1.2378418551372459 0.4399368759641157 0.3086478131740224 0.2850073952289566 0.2691179113359776 0.24907529876682674 0.22782587669258303 0.1987973035087396 
0.91 1.2554973243177867 0.38659054828568407 0.260332426529497 0.23836283918512344 0.22243863969074712 0.20547748328183346 0.18778527384608626 0.16386540898851476 
0.92 1.2714867060644206 0.33188750918529714 0.2139161250140017 0.19403554444409132 0.17916585119352324 0.16522778539518815 0.1508733293760291 0.13162964903068497 
0.93 1.2857468979721076 0.27651760309706025 0.1700930894175347 0.15270174304519013 0.13971668716297536 0.1286515884639861 0.11737535629850786 0.10236712339955747 
0.94 1.2982216222049578 0.22140516911987254 0.1295984295826638 0.11504468739676957 0.10447186633332924 0.09606016433957633 0.08756547072661063 0.07633233318874105 
0.95 1.3088616478427624 0.16778488239561487 0.09319863728973056 0.08173181978995897 0.07378712292312192 0.06775150627298396 0.061706615397383716 0.05376069575343987 
0.96 1.317624985781801 0.1172990172417538 0.061675895994872956 0.053365896848411115 0.047998439292291285 0.04401106887429774 0.04004956141636673 0.03487030304699374 
0.97 1.3244770562687356 0.07211074823891252 0.03582926648451843 0.030598431887870578 0.027425728890843284 0.025112240006814383 0.02283201463869511 0.019864876750820326 
0.98 1.3293908326431987 0.03501289128118473 0.01642787202319151 0.01385332647607357 0.012375041191329152 0.011315484825358926 0.010278406634787636 0.00893570776778159 
0.99 1.3323469988144496 0.009550356462489674 0.004232546040580087 0.0035263697106189935 0.0031392207159570977 0.0028663599805375394 0.0026012683708074914 0.00225960401702245 
1.0 -0.0 -0.0 -0.0 -0.0 -0.0 -0.0 -0.0 -0.0 
