0.0 -0.0 -0.0 -0.0 -0.0 -0.0 -0.0 -0.0 -0.0 
0.007142857142857143 1.3328298634171396 0.0049488065579390995 0.002159174972699396 0.0018083106612062352 0.00162291924593168 0.0014708601502881073 0.0013192074062052886 0.0011563088579636175 
0.014285714285714285 1.3313204772552858 0.018623625810622574 0.008459533075737586 0.007141586249587787 0.006424515170497335 0.005829233730644548 0.005232033045260319 0.004588481651759239 
0.02142857142857143 1.3288082111696986 0.039380073160180024 0.018633820979076805 0.01586171563011044 0.014301869911390527 0.012991091023750113 0.011668716265910869 0.0102387790224813 
0.02857142857142857 1.3252981246034743 0.0657459443142115 0.032412432864884065 0.02782761517991577 0.02514910795068878 0.02286974814043077 0.020556469323547984 0.01804685011771434 
0.03571428571428571 1.3207972864130293 0.09645622117958538 0.04952571859417305 0.042896160605468116 0.03885697494863379 0.0353746731656267 0.03181891570890879 0.027947771532916107 
0.04285714285714286 1.3153147606898503 0.13042861034329378 0.0697013251877423 0.06091790343546533 0.05531354022675559 0.05041207460258538 0.045376292750616984 0.03987300284622331 
0.05 1.308861588511757 0.16675280083764493 0.09265100779116814 0.08172853239363846 0.07440348186896317 0.0678850136788169 0.06114569439569314 0.05375112675187164 
0.05714285714285714 1.3014507657090006 0.2046766462257963 0.11809244765872062 0.1050529940100763 0.09600726939545015 0.08769324226845149 0.07904089442310479 0.06950770643394229 
0.06428571428571428 1.2930972166925774 0.2435846910197223 0.1457414769839784 0.1306875612278063 0.12000077104699045 0.10973309237588212 0.09897231947761606 0.08706457305639145 
0.07142857142857142 1.2838177643987705 0.28297443443931675 0.17531681956371126 0.15839468918639382 0.14625460410729943 0.13389748615544317 0.120847164689868 0.10633886632431934 
0.07857142857142857 1.2736310964093989 0.32243575278866654 0.206543060226574 0.18792826915368982 0.1746332876542616 0.16007593357588054 0.14456950550329947 0.1272425829366413 
0.08571428571428572 1.2625577273181765 0.3616339363341278 0.23915306725437557 0.21903904174787323 0.20499357276865218 0.18815435651790155 0.17004037244763417 0.1496824101686944 
0.09285714285714286 1.2506199574167907 0.4002961528068491 0.272889814879419 0.2514788506548682 0.23718156353212616 0.21801511309810084 0.19715781188293285 0.1735593107885441 
0.1 1.2378418277851169 0.4382011505346144 0.30750754814228565 0.285003990598744 0.2710265963070176 0.24953689826311232 0.2258169904703209 0.19876766825984782 
0.10714285714285714 1.2242490718755132 0.47517058179482813 0.3427726681948829 0.3193779720081401 0.3063263758913535 0.2825943400627958 0.2559100203276574 0.22519424255075304 
0.11428571428571428 1.2098690636895963 0.5110621164868872 0.3784643665062093 0.3543732933936415 0.34279034630588934 0.31705763760727973 0.2873259022869954 0.2527154894833462 
0.12142857142857143 1.1947307626500654 0.545763336006616 0.4143747986823135 0.38977287226843127 0.37879073887835 0.35279202867012166 0.31995065705395015 0.28119019650790505 
0.12857142857142856 1.1788646552805606 0.5791869504024499 0.4503091040424253 0.42537069852445 0.4150085185549998 0.3896569589123561 0.35366716564143946 0.3104355147383146 
0.1357142857142857 1.1623026938096577 0.6112660683663688 0.4860851796072266 0.4609725925694912 0.45129424765838316 0.42750472568162706 0.38835499145349245 0.34015809320307894 
0.14285714285714285 1.1450782318237296 0.6419506834551064 0.5215333443242122 0.496396036157317 0.48746974027880635 0.4661783363254139 0.42389021440806385 0.3749409511723432 
0.15 1.127225957096904 0.6712043663398479 0.5564959262499755 0.5314702039490747 0.5233588249002002 0.5055081274372756 0.4601454915732349 0.41081155525436114 
0.15714285714285714 1.1087818217345287 0.6990021378803223 0.59082667043548 0.5660354942555331 0.5587939818229466 0.5453056749438134 0.4969895016841634 0.44780121139958495 
0.16428571428571428 1.089782969770796 0.7253292147144188 0.6243901251788585 0.5999433357068166 0.5936172546432705 0.5853505963385823 0.5342865983731057 0.4858664225016531 
0.17142857142857143 1.0702676623649474 0.7501804647165518 0.6570610586200027 0.63305546207751 0.6276806008543473 0.6253568885953166 0.5718961597709923 0.5249428337481891 
0.17857142857142858 1.050275200748917 0.7735614698407598 0.6887237829897482 0.6652438625814805 0.6608463480799599 0.6648358307050964 0.6096709802725568 0.5649577475095667 
0.18571428571428572 1.0298458470798826 0.7954928426469734 0.7192715448881175 0.6963898020091048 0.6929868089000484 0.6996466692442047 0.6474560092441335 0.6058335599893889 
0.19285714285714287 1.009020743357241 0.8160319308987548 0.748606044652135 0.7263836533752522 0.7239838794382188 0.7328773124141005 0.6850868109332459 0.6474892283129355 
0.2 0.9878418285683968 0.8352467075721498 0.7766368890072907 0.7551245062904434 0.7537285873378096 0.7646175488050669 0.7223855896911691 0.6898410373883508 
0.20714285714285716 0.9663517542290062 0.8529236904209186 0.8032810674847749 0.7825195980908652 0.7821205268664769 0.7948287696268604 0.7591553498694349 0.7328031082544983 
0.21428571428571427 0.9445937984891535 0.8689741717810624 0.8284627109932052 0.8084839583439346 0.809067449244569 0.8234435515422883 0.7951691928575771 0.7762875978083991 
0.22142857142857142 0.9226117789758032 0.883346810297284 0.8521124448693711 0.8329400801790628 0.8344855254198843 0.8503873157702982 0.8301497369985893 0.8202048552985636 
0.22857142857142856 0.9004499645507696 0.8960082625082643 0.874167233899987 0.855817709848628 0.8582986285026821 0.8755866904121418 0.8637228259740575 0.8644635185219165 
0.2357142857142857 0.8781529861591181 0.9069358544200704 0.8945699879051686 0.8770532149257814 0.8804379097519265 0.898972373242027 0.8952836610819455 0.9089706995991668 
0.24285714285714285 0.8557657469479292 0.9161141558874789 0.9132693481092435 0.8965897430484995 0.900841651559084 0.9204786404522317 0.9232614668149595 0.9536317712652294 
0.25 0.8333333318375855 0.9235330047065375 0.9302194499303399 0.9143766168277334 0.91945475365508 0.9400438330940379 0.9679953119719855 0.9983504285368175 
0.2571428571428571 0.8109009167266843 0.9291862850939608 0.9453797461695899 0.930369211263572 0.9362289936833 0.9576107821688028 1.0095215677485176 1.043028439145046 
0.2642857142857143 0.788513677513978 0.9330710233986456 0.9587147217090977 0.9445287411048024 0.9511223512924003 0.9731255758858861 1.0417204151729442 1.087565290885038 
0.2714285714285714 0.7662166991199484 0.9351865449204149 0.9701936862483661 0.9568221966380606 0.9640985053688553 0.9865368421676056 1.0707218515671246 1.131857801217196 
0.2785714285714286 0.7440548846916584 0.9355334893912772 0.9797906949276727 0.9672214116514206 0.9751275046112036 0.9977936320812926 1.0969816030593305 1.1757992275103155 
0.2857142857142857 0.7220728651739388 0.9341123648650389 0.9874841784649084 0.9757035390883012 0.9841846692428484 1.0068417230156073 1.1206228067039836 1.2192783115892467 
0.29285714285714287 0.7003149094288457 0.9309211838911797 0.9932568826850731 0.9822505424713128 0.9912508164092929 1.0136157088445223 1.1416694259562066 1.2621774942692416 
0.3 0.6788248350835653 0.9259507515922911 0.9970954608444078 0.9868488485006142 0.9963114621206519 1.018022414067933 1.1601019692513126 1.3043707415925176 
0.30714285714285716 0.6576459202879514 0.91917474506408 0.9989904052612065 0.9894891970177814 0.9993568431014296 1.0199033163752989 1.1758799271165097 1.3457197992028802 
0.3142857142857143 0.6368208165578438 0.9105164980164729 0.9989354363332523 0.9901663210487492 1.0003813442948573 1.0189020293705153 1.188955560844241 1.3860689478490515 
0.32142857142857145 0.6163914628807756 0.9000668637367686 0.9969274897861977 0.9888787180285497 0.9993825509322519 1.0136983281423912 1.1992779041843071 1.4252366727571693 
0.32857142857142857 0.5963990012562572 0.8879327622432713 0.9929658642846783 0.9856278028180612 0.9963622181666612 1.0249232779557353 1.206795235832485 1.4630020496295149 
0.3357142857142857 0.5768836938414655 0.8742129209772725 0.9870520547429231 0.9804179558452992 0.9913236383106526 1.0315156207372589 1.2114558104112663 1.499082166712333 
0.34285714285714286 0.5578848418682872 0.8590058293690297 0.9791890629797831 0.9732556957421414 0.9842699566534256 1.0348367549698658 1.213208166398237 1.5330901359062008 
0.35 0.5394407064964342 0.842411531452264 0.9693803462245297 0.9641490335672512 0.9752049285242878 1.03521929470074 1.2120037523143579 1.5644486777189204 
0.35714285714285715 0.5215884317598688 0.8245313108961335 0.9576289750690316 0.9531067356547349 0.964126426896393 1.032781059012373 1.2077953268225223 1.5921745582957563 
0.36428571428571427 0.5043639697642994 0.8054667920236458 0.9439365918447225 0.9401375182261709 0.9510208839477396 1.0275623198912247 1.2005356681531851 1.6140349996595216 
0.37142857142857144 0.48780200828389775 0.7853184495304008 0.9283018785628664 0.9252481781584748 0.9358449829490572 1.0195672782241518 1.1901775116921418 1.6117501142942552 
0.37857142857142856 0.4719359009050974 0.7641833999168964 0.9107186654486127 0.9084423854690046 0.9184675137051584 1.0087810275017979 1.176670351407457 1.6013059413160513 
0.38571428571428573 0.45679759985676627 0.7421520396115239 0.8911737321674326 0.8897188013121574 0.8983397787276549 0.9951747627242001 1.1599572866920012 1.5842224435265335 
0.39285714285714285 0.44241759166268246 0.7193040971047723 0.869643978863062 0.8690670907133295 0.8869846180798412 0.9787085354853063 1.1399763559560459 1.5610180399063514 
0.4 0.4288248357457445 0.6957030232023346 0.8460931743560598 0.8464656933357791 0.8714563514590856 0.9593303637876375 1.1166559828042975 1.531963341730321 
0.40714285714285714 0.41604670610746747 0.671389710209644 0.8204671007780876 0.8218759578688588 0.8525537380107081 0.9369744977213555 1.0899108164669769 1.4971834988862065 
0.4142857142857143 0.4041089362006784 0.6463740428670678 0.7926872668007063 0.7952363558659516 0.8304476437978918 0.911557873797969 1.059636949849305 1.4566947780967692 
0.42142857142857143 0.3930355671053168 0.620623918171261 0.7626432851648467 0.7664527130674703 0.8051467514064751 0.8829722504737862 1.0257061391033857 1.4104344845796497 
0.42857142857142855 0.38284889911329123 0.5940504431658257 0.7301809485830348 0.7353876154212522 0.7765771990196831 0.8510748512361686 0.9879525268087234 1.3582567530458853 
0.4357142857142857 0.37356944681831833 0.5664877811620871 0.6950859310850815 0.7018420250636824 0.7445936401854265 0.8156725684716404 0.946156722407533 1.2998913203596023 
0.44285714285714284 0.36521589780272407 0.5376640466430417 0.6570581008182853 0.6655343736384172 0.7089698588051736 0.7765013886016526 0.9000174770945103 1.2349250588803908 
0.45 0.35780507500269315 0.5071563754157699 0.615672068008184 0.6260623318882098 0.6693688080316598 0.7331889748517361 0.8491110646118051 1.1627704586412433 
0.45714285714285713 0.3513519028292004 0.4743174202050162 0.5703126771968168 0.5846126551057034 0.6252948879902148 0.6851978124481501 0.79281516036049 1.0826167979128531 
0.4642857142857143 0.34586937711253807 0.438142196017149 0.5200827155976179 0.53757927822087 0.5759980004876982 0.6317232375841899 0.7301800128053334 0.9932894872598214 
0.4714285714285714 0.34136853892998736 0.39701401836045075 0.4635861210824276 0.4838948569411123 0.5202933223262001 0.5714789866242873 0.6596905149182698 0.8929248301491519 
0.4785714285714286 0.33785845237109174 0.3481973765606831 0.3985355796728756 0.4215782090550494 0.4561268038769909 0.5021938872970205 0.5786951309471037 0.7780379384534787 
0.4857142857142857 0.3353461862832026 0.2866961535943692 0.32073791261182477 0.34677430224731604 0.37933280064739133 0.41920416264486576 0.481895526692246 0.6410366293577555 
0.4928571428571429 0.3338368000362096 0.20065592003540797 0.2199651766734756 0.24949023650540525 0.27951261221793106 0.31125284184920554 0.35603474004046975 0.4646142924661055 
0.5 0.3333333333333745 0.04548057219384874 0.05695446964661061 0.08693630731118104 0.10946822917886077 0.12565641171921818 0.14056345986200827 0.17021423377404235 
0.5071428571428571 0.33383680009000755 0.20065591980654512 0.21996517660077627 0.24949023644207208 0.2795126121503089 0.31125284175996365 0.3560347398979652 0.46461429216950356 
0.5142857142857142 0.3353461863913385 0.28669615373142865 0.3207379126884768 0.34677430233186013 0.3793328007267035 0.41920416275053274 0.4818955268485221 0.641036629329032 
0.5214285714285715 0.33785845253463365 0.3481973767163328 0.3985355798852129 0.421578209253059 0.4561268041157801 0.5021938875464868 0.5786951311854185 0.7780379389966433 
0.5285714285714286 0.3413685391505782 0.39701401862652225 0.4635861213944192 0.483894857260703 0.5202933226618897 0.571478986984091 0.6596905153205747 0.8929248308643192 
0.5357142857142857 0.34586937739232093 0.43814219639007046 0.5200827160223181 0.5375792786647596 0.5759980009439213 0.6317232380809809 0.7301800134005846 0.9932894881205196 
0.5428571428571428 0.35135190317089576 0.47431742068002003 0.5703126777509109 0.5846126556823581 0.6252948885912933 0.6851978131071342 0.7928151611552913 1.0826167989829603 
0.55 0.3578050754095551 0.5071563759973666 0.6156720687054202 0.6260623326039356 0.6693688087916325 0.7331889756875807 0.8491110656061474 1.1627704599755748 
0.5571428571428572 0.3652158982785581 0.5376640473406189 0.6570581016702083 0.6655343745046091 0.7089698597321411 0.7765013896227067 0.9000174782924325 1.2349250605116981 
0.5642857142857143 0.37356944736747966 0.5664877819866577 0.695085932102331 0.7018420260938453 0.744593641286253 0.8156725696837462 0.9461567238178704 1.2998913223023991 
0.5714285714285714 0.38284889974066266 0.5940504441282478 0.7301809497751379 0.7353876166240771 0.7765772002998758 0.8510748526440941 0.987952528441448 1.3582567553056033 
0.5785714285714286 0.3930355678163657 0.6206239192820964 0.762643286540304 0.7664527144508139 0.8051467528707758 0.8829722520831903 1.0257061409677803 1.4104344871600178 
0.5857142857142857 0.40410893700140327 0.6463740441364823 0.7926872683675187 0.7952363574375327 0.8304476454506247 0.911557875614416 1.0596369519541853 1.4566947810022255 
0.5928571428571429 0.4160467070044336 0.6713897116474399 0.8204671025432008 0.8218759596359109 0.8525537398558246 0.9369744997495312 1.0899108188201734 1.4971835021228965 
0.6 0.4288248367460953 0.6957030248180085 0.8460931763262343 0.846465695304865 0.8714563534996227 0.9593303660318684 1.116655985412344 1.5319633453026196 
0.6071428571428571 0.4424175927741394 0.7193040989073634 0.8696439810443605 0.8690670928908416 0.8869846203181471 0.9787085379489111 1.1399763588233998 1.5610180438171246 
0.6142857142857143 0.4567976010876188 0.7421520416098032 0.8911737345655041 0.8897188037037242 0.8983397811468344 0.9951747654093646 1.1599572898214456 1.5842224477766575 
0.6214285714285714 0.47193590226424736 0.7641834021192564 0.9107186680685466 0.9084423880799163 0.9184675163364285 1.008781030409848 1.1766703548009485 1.601305945898352 
0.6285714285714286 0.487802009780812 0.7853184519448 0.9283018814091034 0.9252481809930809 0.9358449858111981 1.0195672813553944 1.1901775153498726 1.6117501191891916 
0.6357142857142857 0.5043639714091047 0.8054667946576456 0.9439365949212651 0.9401375212883518 0.9510208870419301 1.02756232324489 1.20053567207424 1.6140350048945908 
0.6428571428571429 0.5215884335632692 0.8245313137567455 0.9576289783791664 0.9531067389476783 0.9641264302244894 1.0327810625863367 1.2077953310046694 1.5921745637988745 
0.65 0.5394407084698114 0.8424115345459083 0.9693803497707983 0.9641490370932374 0.9752049320879091 1.0352192984916018 1.2120037567541997 1.5644486834416516 
0.6571428571428571 0.5578848440236789 0.8590058327016994 0.9791890667642473 0.9732556995028363 0.984269960453864 1.034836758973378 1.2132081710914724 1.533090141829612 
0.6642857142857143 0.5768836961915839 0.8742129245541724 0.9870520587667578 0.9804179598414481 0.9913236423483578 1.0315156249478876 1.2114558153522867 1.4990821728200308 
0.6714285714285714 0.5963990038145572 0.8879327660690959 0.9929658685482674 0.9856278070496411 0.9963622224413572 1.0249232823662315 1.2067952410143545 1.4630020559058725 
0.6785714285714286 0.6163914656614669 0.9000668678154665 0.9969274942891697 0.9888787224947636 0.9993825554428349 1.0136983327114268 1.1992779095989272 1.4252366791871662 
0.6857142857142857 0.636820819575875 0.9105165023511329 0.9989354410744606 0.9901663257479226 1.0003813490394353 1.0189020341761497 1.1889555664822136 1.3860689544184455 
0.6928571428571428 0.6576459235591193 0.9191747496573204 0.9989904102385895 0.9894892019473005 0.9993568480770864 1.0199033214345101 1.1758799329667875 1.3457198058967978 
0.7 0.6788248386245138 0.9259507564448023 0.9970954660551515 0.9868488536571596 0.9963114673236766 1.0180224193706238 1.1601019753025061 1.304370748396819 
0.7071428571428572 0.7003149132571612 0.930921189002627 0.9932568881254232 0.9822505478504658 0.9912508218349182 1.013615714382256 1.1416694321946448 1.2621775011689742 
0.7142857142857143 0.7220728693081733 0.9341123702353087 0.9874841841303746 0.9757035446850476 0.9841846748855261 1.006841728780291 1.120622813115052 1.219278318570367 
0.7214285714285714 0.7440548891514756 0.935533495019925 0.9797907008127772 0.9672214174597132 0.9751275104643209 0.9977936380642721 1.096981609627156 1.1757992345581492 
0.7285714285714285 0.7662167039261285 0.9351865508065369 0.9701936923467626 0.9568222026508612 0.9640985114248815 0.9865368483595548 1.0707218582745004 1.1318578083169981 
0.7357142857142858 0.7885136826885547 0.9330710295409235 0.9587147280135895 0.944528747314294 0.9511223575427569 0.973125582276778 1.0417204220001512 1.0875652980221213 
0.7428571428571429 0.8109009222930285 0.9291862914903131 0.9453797526719404 0.9303692176608589 0.9362290001184022 0.9576107887476109 1.0095215746786708 1.043028446304812 
0.75 0.8333333378205896 0.9235330113543095 0.9302194566215142 0.9143766234030228 0.9194547602644515 0.9400438398486549 0.9679953189346046 0.9983504357045173 
0.7571428571428571 0.8557657533740953 0.9161141627832955 0.9132693549792338 0.8965897497910754 0.9008416583312476 0.9204786473695965 0.923261473739639 0.9536317784262736 
0.7642857142857142 0.8781529930568303 0.906935861559736 0.8945699949430005 0.8770532218238952 0.8804379166742103 0.8989723803078695 0.8952836680842925 0.9089707067389594 
0.7714285714285715 0.9004499719504013 0.8960082698869242 0.8741672410938954 0.8558177168896398 0.8582986355616075 0.8755866976110868 0.8637228330553313 0.8644635256259741 
0.7785714285714286 0.9226117869100355 0.8833468179091027 0.8521124522064504 0.8329400873492233 0.8344855326007575 0.8503873230859149 0.8301497441296568 0.8202048623522692 
0.7857142857142857 0.9445938069932412 0.8689741796193814 0.828462718459666 0.8084839656285442 0.80906745653185 0.8234435589569377 0.7951692000133966 0.7762876047973695 
0.7928571428571428 0.9663517633411352 0.8529236984781079 0.8032810750658195 0.7825196054742242 0.7821205342435262 0.7948287771215263 0.7591553570280646 0.7328031151645977 
0.8 0.987841838330094 0.8352467158395386 0.776636896687086 0.7551245137557223 0.753728594786752 0.7646175563591959 0.7223855968319406 0.6898410442053104 
0.8071428571428572 1.0090207538138332 0.8160319393661555 0.7486060524139528 0.7263836609048396 0.7239838869404708 0.7328773200060109 0.6850868180364734 0.6474892350230592 
0.8142857142857143 1.029845858281099 0.7954928513067464 0.7192715527140093 0.6963898095842571 0.6929868164358168 0.6996466768500541 0.6474560162905654 0.605833566579 
0.8214285714285714 1.0502752127496384 0.7735614786852384 0.6887237908607733 0.6652438701823266 0.6608463556283837 0.6648358382998392 0.6096709872432794 0.5649577539651098 
0.8285714285714286 1.0702676752259206 0.750180473735384 0.6570610665161232 0.6330554696832992 0.6276806083936698 0.6253568961105282 0.5718961666475344 0.5249428400565671 
0.8357142857142857 1.0897829835598798 0.7253292238952181 0.6243901330788791 0.5999433432956709 0.5936172621505386 0.5853506037450505 0.5342866051372163 0.48586642864982255 
0.8428571428571429 1.108781836527798 0.6990021472085385 0.5908266783170086 0.5660355018045294 0.5587939892741182 0.5453056822185707 0.49698950831794664 0.4478012173748014 
0.85 1.1272259729803362 0.6712043757988552 0.5564959340895818 0.5314702114343958 0.5233588322704406 0.5055081345590919 0.46014549805922667 0.4108115610444998 
0.8571428571428571 1.145078248895175 0.6419506930259531 0.521533352097296 0.4963960435541513 0.48746974754217626 0.46617834327397684 0.4238902207290721 0.37494095676532 
0.8642857142857143 1.1623027121813905 0.6112660780273657 0.4860851872878848 0.4609725998519653 0.45129425478787594 0.42750473243718595 0.3883549975925521 0.34015809857693585 
0.8714285714285714 1.1788646750824985 0.5791869601291576 0.4503091116036892 0.42537070566583596 0.41500852552252676 0.38965696545578177 0.3536671715819453 0.3104355199434705 
0.8785714285714286 1.1947307840338766 0.5457633457716021 0.4143748060961098 0.3897728792412175 0.3787907456548742 0.35279203498279843 0.31995066277966666 0.2811902015371581 
0.8857142857142857 1.2098690868343194 0.5110621262590405 0.3784643737434074 0.3543733001696404 0.3427903528615625 0.3170576436711212 0.2873259077821891 0.2527154943168324 
0.8928571428571429 1.2242490969947224 0.47517059153888974 0.34277267522517463 0.3193779785584413 0.3063263821759619 0.28259434585992615 0.2559100255768275 0.22519424717187378 
0.9 1.2378418551370753 0.43820116021103483 0.3075075549344946 0.28500399689402733 0.27102660229536535 0.24953690377612026 0.22581699545834197 0.19876767265327946 
0.9071428571428571 1.2506199873180015 0.40029616237091736 0.2728898214015594 0.25147885666567193 0.2371815692027263 0.21801511831008635 0.19715781659514534 0.17355931493981444 
0.9142857142857143 1.2625577601631162 0.3616339457354918 0.23915307347371312 0.21903904744462263 0.20499357810138638 0.18815436141233602 0.17004037686971996 0.14968241406400407 
0.9214285714285714 1.273631132698781 0.322435761970326 0.20654306610972914 0.18792827450713215 0.17463329263003005 0.1600759381367271 0.14456950962134177 0.12724258656296342 
0.9285714285714286 1.2838178047822055 0.2829744433367825 0.17531682507688476 0.15839469416785784 0.1462546087077675 0.13389749036714657 0.12084716849034446 0.10633886966934762 
0.9357142857142857 1.2930972620349344 0.24358469955975828 0.14574148209316137 0.1306875658095788 0.12000077525462216 0.10973309622350408 0.09897232294748289 0.08706457610864528 
0.9428571428571428 1.3014508171979282 0.20467665432484394 0.11809245232980897 0.10505299816562227 0.09600727319339974 0.08769324573753251 0.07904089754969278 0.06950770918258005 
0.95 1.3088616478424482 0.16675280840022086 0.0926510119902616 0.08172853609802647 0.07440348524118422 0.06788501675556735 0.061145697166975474 0.0537511291868307 
0.9571428571428572 1.315314830403739 0.13042861726059962 0.06970132888140196 0.060917906664071646 0.05531354315792866 0.050412077273926194 0.04537629515513386 0.03987300495808562 
0.9642857142857143 1.3207973705746392 0.09645622732849987 0.04952572174951603 0.04289616333875041 0.0388569774241541 0.035374675419166446 0.0318189177358408 0.027947773312565427 
0.9714285714285714 1.325298230324221 0.06574594955811895 0.032412435450289406 0.02782761739966238 0.025149109956624408 0.02286974996442614 0.02055647096278835 0.0180468515563451 
0.9785714285714285 1.3288083526704502 0.039380077350903736 0.018633822963358245 0.015861717319015714 0.014301871434297425 0.012991092406967915 0.01166871750804774 0.01023878011188186 
0.9857142857142858 1.3313206900858991 0.018623628787153297 0.00845953442792481 0.007141587391166035 0.006424516197420589 0.005829234662408714 0.005232033881507985 0.004588482384634167 
0.9928571428571429 1.3328302897703557 0.004948808138543823 0.002159175663282135 0.0018083112396036322 0.0016229197650346734 0.0014708606207522682 0.0013192078281301623 0.0011563092277657215 
1.0 -0.0 -0.0 -0.0 -0.0 -0.0 -0.0 -0.0 -0.0 
