0.0 -0.0 -0.0 -0.0 -0.0 -0.0 -0.0 -0.0 
0.005555555555555556 1.3330287432425036 0.0030524521685568223 0.001096984633735704 0.0009802479897942928 0.000890798427623728 0.0008011940751300568 0.0006988637415757791 
0.011111111111111112 1.3321153552824094 0.011643053098115506 0.004344876105327745 0.003889827480985983 0.00353789206580687 0.0031838154943147137 0.0027784515921924356 
0.016666666666666666 1.3305942779185884 0.024971980918078954 0.00967895388283075 0.008681279833021584 0.00790240988256504 0.007115351660556921 0.00621206596364072 
0.022222222222222223 1.3284673646393068 0.04228801417179513 0.017033344495533616 0.015305846037061305 0.013944326100835068 0.012562505625759463 0.010972349054111064 
0.027777777777777776 1.3257372067959923 0.06291029131579098 0.026341944616890423 0.023713758182132578 0.021622289157852533 0.019490430005223765 0.017030366565326967 
0.03333333333333333 1.322407130674689 0.08623575700076615 0.03753746805932226 0.033854250277254624 0.030893889648278296 0.027862911367300017 0.02435562137395629 
0.03888888888888889 1.318481193462797 0.11173387739835783 0.05055040272520855 0.045675431634496784 0.04171556839816063 0.03764264626174309 0.032916414079793024 
0.044444444444444446 1.3139641783114122 0.13894132601498507 0.06530745465626908 0.05912415415925817 0.05404251030277748 0.04879125234494356 0.04267992438687396 
0.05 1.3088615885084232 0.16745644842204307 0.08172692578155799 0.0741458215553246 0.0678286031554761 0.06126922783587649 0.05361222107524301 
0.05555555555555555 1.303179640773669 0.1969333740930416 0.09966082907543229 0.09068430145670003 0.0830264525361635 0.07503580347466061 0.06567814350070236 
0.06111111111111111 1.2969252576856336 0.22707541781029444 0.11902286824280872 0.1086818870516301 0.09958744010083899 0.09004891101199246 0.0788410927453787 
0.06666666666666667 1.2901060592464597 0.2576287086499425 0.1397036628660335 0.12807917245927228 0.11746173624641781 0.10626524591711453 0.09306280064614283 
0.07222222222222222 1.2827303535994272 0.28837621614485065 0.16158917768093886 0.14881478471145831 0.13659830003304538 0.12364031904811904 0.1083031426144102 
0.07777777777777778 1.2748071269056651 0.3191325979050166 0.1845629681196194 0.17082511281130666 0.1569448747559791 0.14212851017336006 0.12452011901340403 
0.08333333333333333 1.266346032396242 0.3497397423810374 0.20850766695771267 0.19404383452005536 0.17844794595997054 0.16168307684863353 0.1416697083934284 
0.08888888888888889 1.257357378611742 0.38006312348320614 0.23330611853521657 0.21840117520400865 0.2010526992204171 0.18225618721011977 0.1597057853615261 
0.09444444444444444 1.2478521168421168 0.4099885121111146 0.25884248527081766 0.24382281427796504 0.22470296735339398 0.20379898109628414 0.17857988597744653 
0.1 1.2378418277846348 0.43941934841908853 0.2850030451902432 0.27022777972350814 0.24934116116420724 0.2262615475795688 0.19824080588683937 
0.10555555555555556 1.2273387074345243 0.46827438194709675 0.31167684747058416 0.29752434667241856 0.2749081818914725 0.24959295479861107 0.21863423701945967 
0.1111111111111111 1.2163555522262683 0.4964855640218693 0.33875638641756034 0.3255997400968517 0.30134332102798544 0.2737411235288885 0.2397015283420865 
0.11666666666666667 1.2049057434422226 0.523996314577836 0.3661377642111661 0.3542797166031879 0.3285840906678586 0.29865282740885746 0.26137768362126257 
0.12222222222222222 1.1930032309111154 0.5507599133121981 0.39372110646218234 0.38241882495800167 0.35656603439753964 0.32427379630332664 0.28358571029340734 
0.12777777777777777 1.1806625160107334 0.5767381742063807 0.4214107686947458 0.41064897880595297 0.38522244473238837 0.3505485708224276 0.3062225666783273 
0.13333333333333333 1.1678986340013653 0.6019001546719559 0.4491153373026871 0.4389222143626661 0.41448396359176787 0.3774204390543811 0.3291368766464939 
0.1388888888888889 1.154727135707111 0.626221169306745 0.47674770954798035 0.4671611988971234 0.44427804986756086 0.40483137306498135 0.35568749269592986 
0.14444444444444443 1.1411640685695867 0.6496819016228869 0.5042251632216519 0.4952839876555078 0.4745281469292798 0.4327221002020253 0.3829671673178831 
0.15 1.1272259570968892 0.6722677065419886 0.5314690551852267 0.5232093999410092 0.5051524031120317 0.46103201512829306 0.410941310626172 
0.15555555555555556 1.1129297827309221 0.6939680558499824 0.5584049411008887 0.5508593308857571 0.5360615661599204 0.4896990553814006 0.4396021521495734 
0.16111111111111112 1.0982929631578706 0.7147761742697769 0.5849622805231001 0.5781591713799872 0.5671552315295066 0.5186594591303623 0.4689258715296052 
0.16666666666666666 1.083333331087959 0.7346889118919032 0.6110745386642366 0.6050378350430503 0.5983139976394077 0.5478477270246859 0.49888240446409843 
0.17222222222222222 1.068069112528298 0.7537068804365451 0.6366787114028636 0.6314277921166721 0.62937983199841 0.5771964013384987 0.5294383822370738 
0.17777777777777778 1.0525189045779455 0.7718352289712379 0.6617156295448298 0.657265331199748 0.6600771746560491 0.6066353912358269 0.560558424659164 
0.18333333333333332 1.036701652769829 0.7890861696681238 0.6861295227967336 0.6824902668242899 0.6881734650649534 0.6360919037280706 0.5922056081298395 
0.18888888888888888 1.0206366279892602 0.8054867787978808 0.7098677793879414 0.7070460254547142 0.714625180536632 0.6654897499266629 0.6243419769933831 
0.19444444444444445 1.0043434029936908 0.8210839391348361 0.7328811355263257 0.730879318735108 0.7401310095912603 0.6947485690257639 0.656928536011463 
0.2 0.9878418285684726 0.8358189698957919 0.7551234338291991 0.753940250653047 0.7647217028895024 0.7237828888715253 0.6899255533926135 
0.20555555555555555 0.9711520093398612 0.8496125251551395 0.7765514929008261 0.7761818450183772 0.7883809968604658 0.7524995824409484 0.7232924310290791 
0.2111111111111111 0.9542942792819027 0.8624225955696918 0.7971248883280739 0.7975602782586165 0.8110799595004144 0.7807956455994315 0.7569879122081864 
0.21666666666666667 0.9372891769417435 0.8742228607227809 0.8168060554348626 0.8180346792941664 0.8327852311377991 0.8085530729338605 0.7909701985352852 
0.2222222222222222 0.9201574204171924 0.8849950969173828 0.8355600306396891 0.8375671647546937 0.853462426010742 0.8356299640807628 0.8251967896760734 
0.22777777777777777 0.9029198821147948 0.8947261647374961 0.8533544476843101 0.8561224962308913 0.8730777520164157 0.8618477192620961 0.8596246377569394 
0.23333333333333334 0.8855975633195412 0.9034065212594735 0.8701594863560691 0.8736681983524932 0.8915984969551818 0.8869468491328092 0.8942100746796584 
0.2388888888888889 0.868211568608728 0.911029261525295 0.8859476575677574 0.8901743592203325 0.9089932841951515 0.9104768259431518 0.928908967298061 
0.24444444444444444 0.8507830801385678 0.9175895288886674 0.900693847221167 0.9056133592191562 0.9252322444106725 0.9312395763780449 0.9636765874161548 
0.25 0.8333333318376663 0.9230841557066911 0.9143751813319159 0.9199606169702101 0.9402870001235104 0.9662131538268257 0.9984675127549159 
0.25555555555555554 0.8158835835366303 0.9275113607957437 0.9269710274784675 0.9331935033272384 0.954130637857951 0.9986469472977463 1.0332357501130927 
0.2611111111111111 0.7984550950654372 0.9308705241973523 0.938462818072818 0.9452916390319983 0.9667375504347818 1.0244694456631258 1.0679344167846083 
0.26666666666666666 0.7810691003531247 0.9331619586940696 0.948834094293394 0.9562374011581839 0.9780829933712301 1.0481558122224757 1.1025159099426811 
0.2722222222222222 0.7637467815556912 0.9343866744190118 0.9580703434999376 0.9660145058018343 0.9881427217962717 1.0700938803876363 1.1369315040742678 
0.2777777777777778 0.7465092432506526 0.9345460866951765 0.9661589501802439 0.9746095645880016 0.9968921400482491 1.0904093513040063 1.1711312416993496 
0.2833333333333333 0.7293774867229568 0.9336415953524603 0.9730890737928386 0.9820107977047089 1.0043048572901774 1.1091500168256263 1.2050635673058285 
0.28888888888888886 0.7123723843791883 0.9316739025509058 0.978851800878446 0.9882084913840833 1.010350478079888 1.1263310416075327 1.2386749711551497 
0.29444444444444445 0.6955146543169111 0.9286420671993636 0.9834397948509316 0.9931950572719918 1.0149902718084536 1.1419483152830587 1.2719094037896583 
0.3 0.6788248350835432 0.9245417560323476 0.9868472905908224 0.9969640116915386 1.018168992662502 1.1559878038688933 1.304707520162143 
0.3055555555555556 0.6623232606531427 0.9193615745972107 0.9890701632988178 0.9995108019363903 1.0197961790090064 1.1684294203489967 1.3370056413573186 
0.3111111111111111 0.6460300356521166 0.9130749619721006 0.9901058535562823 1.000832674534543 1.0196905119154684 1.17925093878934 1.368734432932869 
0.31666666666666665 0.6299650108653381 0.9056737404472829 0.9899529107344216 1.0009281429162182 1.0173410387699304 1.188429192734145 1.399816731003117 
0.32222222222222224 0.6141477590510043 0.897211536685859 0.9886112727704242 0.9997966708639774 1.0163342757507465 1.195939846396093 1.4301649169641901 
0.3277777777777778 0.5985975510939902 0.8877396378922265 0.9860819795297386 0.9974388859735726 1.0251184175787265 1.2017581898740457 1.4596766784192776 
0.3333333333333333 0.5833333325273122 0.8773058320142693 0.9823670273592882 0.9938558728278004 1.0308677239926367 1.2058595143716764 1.4882287515802308 
0.3388888888888889 0.5683737004501166 0.8659571555239874 0.9774693026899482 0.989048986874039 1.0345042920002132 1.2082198883567785 1.515667177949386 
0.34444444444444444 0.5537368808697969 0.8537408749724341 0.9713924443801851 0.9830194059441557 1.036286785302011 1.2088162440831853 1.5417910678563294 
0.35 0.5394407064963869 0.8407046823528885 0.964140281650923 0.9757666031522987 1.0363182438772436 1.2076256914018981 1.5663227394876942 
0.35555555555555557 0.5255025950162786 0.8268966483458712 0.9557171304874374 0.9672870482613176 1.034645540503182 1.204625466466254 1.5888469549412936 
0.3611111111111111 0.511939527871105 0.8123649744651462 0.9461270918598201 0.9575719012469741 1.031288986074779 1.199793274838286 1.608649736941826 
0.36666666666666664 0.4987680295693438 0.7971575246939805 0.9353738904224667 0.9465985016354316 1.0262544378421166 1.193106648255719 1.623923261140974 
0.37222222222222223 0.4860041475524932 0.7813212235431013 0.9234601671856331 0.9343177964107977 1.0195386951533174 1.1845419883777362 1.6222437869980528 
0.37777777777777777 0.47366343264492344 0.7649013038405267 0.9103874396759919 0.9206011097228403 1.0111325845814367 1.1740751566851386 1.6149688372678659 
0.38333333333333336 0.4617609201068226 0.74794045199979 0.8961550903286039 0.9049483207273427 1.0010222244237585 1.1616801119455331 1.603310314263254 
0.3888888888888889 0.450311111316285 0.7304776045910886 0.8807593096988916 0.8973659323643067 0.9891895718141863 1.1473282395910325 1.5876823691620254 
0.39444444444444443 0.43932795610166125 0.7125465095935727 0.8641927351066496 0.886934371888332 0.9756124401279239 1.1309880530324923 1.5682998533169643 
0.4 0.4288248357457746 0.6941741985945963 0.8464427653216297 0.8743409288295447 0.9602640993617932 1.1126249691306325 1.545287115846309 
0.40555555555555556 0.4188145466830682 0.6753788588967005 0.8274902419697622 0.8597668008039782 0.943112536801752 1.0921987441856666 1.5187065086618157 
0.4111111111111111 0.4093092849086842 0.6561674034160224 0.8073074324258002 0.8432716546383192 0.9241192773070039 1.0696631061398807 1.4885867189422783 
0.4166666666666667 0.400320631120227 0.6365322954261554 0.7858556894402301 0.8248640671384407 0.9032376986756872 1.044962819245413 1.454920959786358 
0.4222222222222222 0.391859536607734 0.6164476721287381 0.7630822553292208 0.804522417065079 0.8804106166955712 1.0180305002706471 1.4176745598592315 
0.42777777777777776 0.38393630991146194 0.5958646294264458 0.7389166481911417 0.7822004226971997 0.855567074153573 0.9887836828823623 1.3767743171267566 
0.43333333333333335 0.37656060426303195 0.5747047480745939 0.7132657222579227 0.7578285890432342 0.8286175776121903 0.9571192132360055 1.3321019870718644 
0.4388888888888889 0.3697414058234692 0.5528518266797126 0.6860068144272695 0.7313092807858085 0.799448007308587 0.9229051681291665 1.2834885219298044 
0.4444444444444444 0.3634870227358701 0.5301404888231945 0.6569792750519444 0.7025101674074133 0.7679100156759 0.8859702657362286 1.2306974846463026 
0.45 0.3578050750026571 0.5063399396883408 0.6259699238772907 0.6712538170013186 0.7338075617499435 0.8460870785102832 1.1734157639982534 
0.45555555555555555 0.3527024852020274 0.4811299914297646 0.5941802690443854 0.6372975714178891 0.6968765481471719 0.8029492147294347 1.1112336331560635 
0.46111111111111114 0.34818547005382383 0.454063402183399 0.5591078728863578 0.6003044368763888 0.6567513023966031 0.7561345370279865 1.0436002649202458 
0.4666666666666667 0.34425953284523114 0.4245043466968674 0.5203632468357444 0.559794625051305 0.6129122647157874 0.7050485174308961 0.9697493472580807 
0.4722222222222222 0.340929456726121 0.39152418051360854 0.47727777794416965 0.5150600863599427 0.5645927635056415 0.6488170369086012 0.8885471503046263 
0.4777777777777778 0.338199298881429 0.3537106818121695 0.42877528289985584 0.4649911118870266 0.5105851310593157 0.5860524204479161 0.7981473266591321 
0.48333333333333334 0.33607238558805785 0.3087787978595115 0.3730471741244533 0.40769416400405994 0.4488046138077492 0.5143078302133883 0.6951519430225186 
0.4888888888888889 0.33455130816238643 0.2524940399832993 0.30665240400418786 0.3394403466060726 0.37508944220425683 0.4286498970027139 0.5726888877735785 
0.49444444444444446 0.33363791980314395 0.17430681637985415 0.22061532057488883 0.25069109781461185 0.27911879000224094 0.31731296933354075 0.4155364784094105 
0.5 0.3333333333333441 0.03873952757398568 0.07704665576757841 0.09890669867011301 0.11321250145707597 0.1259939033208668 0.15261633871122665 
0.5055555555555555 0.33363791984495494 0.17430681574024665 0.2206153204263538 0.250691097656576 0.2791187898352645 0.31731296902497674 0.41553647753873724 
0.5111111111111111 0.3345513082462508 0.25249404000332315 0.30665240404192917 0.33944034661566796 0.3750894422314146 0.42864989710165363 0.5726888875316084 
0.5166666666666667 0.3360723857145162 0.3087787979667867 0.3730471742479754 0.4076941641731131 0.448804613988503 0.5143078303772047 0.6951519434418975 
0.5222222222222223 0.33819929905121904 0.35371068201436284 0.42877528311920204 0.4649911121316969 0.5105851313124277 0.5860524206989232 0.7981473272881745 
0.5277777777777778 0.3409294569402647 0.3915241808059456 0.4772777782574039 0.5150600866789852 0.5645927638438456 0.6488170372904746 0.8885471510226289 
0.5333333333333333 0.34425953310500407 0.42450434706635476 0.5203632472415304 0.5597946254632661 0.6129122651618972 0.7050485179640674 0.9697493480841007 
0.5388888888888889 0.34818547036076924 0.45406340262364403 0.5591078733888196 0.6003044373971202 0.6567513029657891 0.7561345377164214 1.0436002658988917 
0.5444444444444444 0.3527024855579201 0.4811299919415008 0.5941802696512226 0.6372975720570122 0.6968765488482637 0.8029492155732249 1.1112336343251847 
0.55 0.35780507540951706 0.5063399402766865 0.6259699245911123 0.6712538177651112 0.7338075625892012 0.8460870795089727 1.1734157653831516 
0.5555555555555556 0.36348702319601667 0.530140489495329 0.6569792758804744 0.7025101683009517 0.7679100166579752 0.8859702668916695 1.230697486261392 
0.5611111111111111 0.36974140633949204 0.5528518274434495 0.6860068153819079 0.7313092818131136 0.7994480084368469 0.9229051694455436 1.2834885237830553 
0.5666666666666667 0.3765606048376847 0.5747047489377783 0.7132657233441458 0.7578285902082503 0.828617578890147 0.9571192147191254 1.3321019891663377 
0.5722222222222222 0.3839363105478526 0.5958646303966029 0.7389166494135443 0.7822004240032011 0.8555670755848872 0.9887836845380823 1.3767743194642028 
0.5777777777777777 0.39185953730920137 0.6164476732130459 0.7630822566923894 0.8045224185151074 0.8804106182838063 1.018030502104646 1.417674562442336 
0.5833333333333334 0.40032063189035866 0.6365322966314207 0.785855690948734 0.8248640687349692 0.9032377004242873 1.0449628212632867 1.4549209626175783 
0.5888888888888889 0.40930928575132935 0.6561674047487985 0.8073074340840906 0.8432716563839089 0.9241192792193025 1.0696631083471329 1.488586722024431 
0.5944444444444444 0.4188145476023714 0.6753788603631812 0.8274902437816948 0.859766802700595 0.9431125388803873 1.0921987465866976 1.5187065119968925 
0.6 0.4288248367461232 0.69417420020076 0.8464427672913555 0.8743409308790778 0.9602641016092373 1.1126249717294536 1.545287119437369 
0.6055555555555555 0.43932795718773143 0.7125465113451537 0.864192737237783 0.8869343740923853 0.975612442546107 1.1309880558318757 1.5682998571666091 
0.6111111111111112 0.45031111249302086 0.730477606493607 0.8807593119950182 0.8973659347253797 0.9891895744046822 1.1473282425931375 1.5876823732717178 
0.6166666666666667 0.4617609213794169 0.7479404540585557 0.8961550927929631 0.9049483232199481 1.0010222271875793 1.1616801151518654 1.6033103186312445 
0.6222222222222222 0.47366343401890915 0.7649013060605642 0.9103874423116385 0.920601112373475 1.0111325875191872 1.174075160096722 1.614968841887037 
0.6277777777777778 0.4860041490336168 0.7813212259292466 0.9234601699953152 0.9343177992444386 1.0195386982648427 1.1845419919944566 1.622243791848155 
0.6333333333333333 0.49876803116369406 0.797157527250821 0.9353738934084862 0.9465985046505483 1.026254441126945 1.193106652076995 1.623923266278513 
0.6388888888888888 0.5119395295850264 0.8123649771970334 0.946127095024271 0.9575719044443939 1.0312889895319195 1.1997932788629968 1.6086497423230834 
0.6444444444444445 0.5255025968564294 0.8268966512569415 0.9557171338321426 0.9672870516418778 1.0346455441311215 1.2046254706927675 1.588846960504176 
0.65 0.5394407084697588 0.840704685446896 0.9641402851771326 0.9757666067167317 1.0363182476737358 1.2076256958277733 1.5663227452177915 
0.6555555555555556 0.5537368829836674 0.8537408782531455 0.9713924480889342 0.9830194096930789 1.0362867892645178 1.2088162487057665 1.5417910737430471 
0.6611111111111111 0.5683737027120869 0.8659571589947432 0.9774693065818114 0.9890489908079277 1.0345042961257176 1.208219893172888 1.5156671839829947 
0.6666666666666666 0.5833333349452858 0.8773058356782992 0.9823670314345236 0.9938558769465816 1.0308677282779177 1.2058595193774138 1.4882287577507836 
0.6722222222222223 0.5985975536763102 0.887739641752474 0.9860819837881241 0.9974388902769481 1.0251184220213778 1.2017581950648883 1.4596766847176357 
0.6777777777777778 0.6141477618062638 0.89721154074508 0.9886112772115336 0.9997966753512412 1.0163342803092286 1.1959398517672237 1.4301649233818914 
0.6833333333333333 0.6299650138025544 0.9056737447078678 0.9899529153570713 1.0009281475860947 1.0173410434911607 1.1884291982795452 1.3998167375305792 
0.6888888888888889 0.6460300387806448 0.91307496643559 0.9901058583592446 1.0008326793856166 1.0196905168313948 1.1792509445030683 1.3687344395617933 
0.6944444444444444 0.6623232639827991 0.9193615792643846 0.989070168280405 0.999510806966843 1.0197961841222978 1.1684294262246508 1.3370056480796504 
0.7 0.678824838624498 0.9245417609028124 0.9868472957486576 0.9969640168985865 1.018168997965102 1.1559878098987038 1.304707526968227 
0.7055555555555556 0.6955146580797774 0.9286420722724401 0.9834398001824839 0.9931950626529273 1.01499027729507 1.1419483214593045 1.2719094106712503 
0.7111111111111111 0.712372388375089 0.9316739078260151 0.9788518063805498 0.9882084969353604 1.0103504837452097 1.1263310479209827 1.2386749781029638 
0.7166666666666667 0.7293774909635027 0.9336416008291678 0.9730890794622902 0.9820108034228945 1.0043048631295075 1.1091500232676432 1.205063574312068 
0.7222222222222222 0.7465092477478943 0.9345460923729513 0.966158956013093 0.9746095704687556 0.9968921460560223 1.0904093578646497 1.1711312487546335 
0.7277777777777777 0.7637467863223354 0.9343866802971931 0.9580703494919509 0.9660145118405972 0.9881427279669565 1.0700938870564483 1.1369315111700324 
0.7333333333333333 0.7810691054023683 0.9331619647717749 0.9488341004397927 0.9562374073497469 0.9780829996986389 1.048155818987246 1.1025159170699632 
0.7388888888888889 0.7984551004111541 0.9308705304734233 0.9384628243684566 0.9452916453706681 0.9667375569124399 1.0244694525124356 1.0679344239345816 
0.7444444444444445 0.8158835891932666 0.9275113672688734 0.9269710339176636 0.9331935098069798 0.9541306444787311 0.9986469542258013 1.0332357572767343 
0.75 0.8333333378206738 0.9230841623752053 0.9143751879086753 0.9199606235845175 0.9402870068801058 0.9662131607859068 0.9984675199235783 
0.7555555555555555 0.8507830864638604 0.9175895357505126 0.9006938539289258 0.9056133659609361 0.9252322512950321 0.9312395832903102 0.9636765945809442 
0.7611111111111111 0.868211575293215 0.9110292685781379 0.8859476643995643 0.8901743660821472 0.9089932911986706 0.9104768329084104 0.9289089744499432 
0.7666666666666667 0.8855975703810265 0.90340652850064 0.870159493304566 0.8736682053263677 0.8915985040689913 0.886946856177786 0.8942100818101731 
0.7722222222222223 0.9029198895721506 0.8947261721638152 0.8533544547414115 0.8561225033081595 0.8730777592307364 0.8618477263646044 0.8596246448567899 
0.7777777777777778 0.9201574282903338 0.8849951045255243 0.8355600377971955 0.837567171926615 0.853462433315753 0.8356299712220974 0.8251967967369069 
0.7833333333333333 0.9372891852517636 0.8742228685087484 0.816806062683894 0.8180346865512803 0.8327852385227743 0.8085530800986125 0.7909702055482947 
0.7888888888888889 0.9542942880513468 0.8624226035291644 0.7971248956593169 0.7975602855910017 0.8110799669540805 0.780795652773695 0.756987919164735 
0.7944444444444444 0.9711520185926498 0.8496125332833055 0.776551500304451 0.776181852415591 0.7883810043709647 0.7524995896118114 0.7232924379205354 
0.8 0.987841838330158 0.8358189781869926 0.7551234412949616 0.7539402581042265 0.7647217104442572 0.7237828960267834 0.6899255602105602 
0.8055555555555556 1.004343413291763 0.8210839475822655 0.7328811430436182 0.7308793262289766 0.7401310171770864 0.694748576153561 0.6569285427476417 
0.8111111111111111 1.0206366388530792 0.8054867873941723 0.7098677869454253 0.707046032979343 0.7146251881390071 0.6654897570151117 0.6243419836392996 
0.8166666666666667 1.036701664231201 0.7890861784100248 0.6861295303827989 0.6824902743673605 0.6881734726692018 0.6360919107656703 0.5922056146773849 
0.8222222222222222 1.0525189166710633 0.7718352378543295 0.6617156371472143 0.6572653387484007 0.6600771822387729 0.606635398211169 0.5605584311002049 
0.8277777777777777 1.0680691252904901 0.7537068894549191 0.6366787190090416 0.6314277996577441 0.6293798395201198 0.5771964082405137 0.5294383885636903 
0.8333333333333334 1.0833333445596347 0.7346889210382952 0.6110745462609153 0.6050378425625155 0.598314005080307 0.5478477338420582 0.4988824106681728 
0.8388888888888889 1.098292977383297 0.7147761835360329 0.5849622880967947 0.5781591788637463 0.5671552388755614 0.5186594658524261 0.4689258776037504 
0.8444444444444444 1.1129297977586419 0.6939680652269541 0.5584049486373598 0.5508593383187945 0.5360615733976569 0.4896990619971543 0.439602158085899 
0.85 1.1272259729803065 0.6722677160192825 0.5314690626700022 0.5232094073082342 0.5051524102289291 0.4610320216272947 0.41094131641782117 
0.8555555555555555 1.1411640853678573 0.6496819111892006 0.504225170639738 0.4952839949411576 0.4745281539131051 0.43272210657385146 0.38296717295862426 
0.8611111111111112 1.1547271534860242 0.6262211789493929 0.4767477168839357 0.4671612060849465 0.44427805670638715 0.4048313792993299 0.3556874981797887 
0.8666666666666667 1.167898652834371 0.6019001643770283 0.4491153445405177 0.438922221435725 0.4144839702737932 0.37742044514096207 0.3291368819495568 
0.8722222222222222 1.1806625359805087 0.5767381839584348 0.4214107758181744 0.41064898574711384 0.3852224512462413 0.3505485767513192 0.30622257184446433 
0.8777777777777778 1.193003252110859 0.550759923094452 0.39372111345457816 0.38241883174943386 0.35656604073203374 0.3242738020647728 0.28358571532408067 
0.8833333333333333 1.2049057659781182 0.523996324371666 0.3661377710553263 0.35427972322683765 0.32858409681173645 0.29865283299307394 0.26137768850444765 
0.8888888888888888 1.2163555762197331 0.4964855738068839 0.3387563930963542 0.3255997465187498 0.30134332697068683 0.27374112892677455 0.23970153306793548 
0.8944444444444445 1.2273387330257848 0.4682743917009867 0.31167685396633027 0.2975243528755317 0.2749081876222046 0.24959296000078243 0.21863424157805622 
0.9 1.2378418551365922 0.4394193581172817 0.2850030514851977 0.27022778569416284 0.24934116667254966 0.22626155257695243 0.19824081026873447 
0.9055555555555556 1.2478521461458592 0.40998852172673267 0.2588424913471414 0.24382282000347438 0.2247029726291569 0.20379898588002582 0.17857989017338352 
0.9111111111111111 1.2573574100936307 0.38006313298668926 0.23330612437500892 0.21840118067222736 0.20105270425358854 0.18225619177148913 0.15970578936265678 
0.9166666666666666 1.2663460663274106 0.3497397517399312 0.20850767254309954 0.19404383971926806 0.17844795074071643 0.1616830811790578 0.14166971219138086 
0.9222222222222223 1.2748071636145328 0.3191326070835876 0.1845629734329849 0.1708251177302402 0.1569448792747415 0.14212851426451673 0.1245201226003094 
0.9277777777777778 1.2827303934899537 0.2883762251037663 0.16158918270498027 0.14881478933918335 0.1365983042804909 0.12364032289185703 0.1083031459828899 
0.9333333333333333 1.290106102822649 0.25762871734565257 0.139703667583873 0.12807917678521408 0.11746174021348317 0.10626524950549368 0.09306280378917005 
0.9388888888888889 1.2969253055884138 0.22707542619466664 0.11902287263809025 0.10868189106554181 0.09958744377869166 0.09004891433722897 0.07884109565622685 
0.9444444444444444 1.3031796938356204 0.1969333821125018 0.09966083313251257 0.09068430514867235 0.08302645591624713 0.07503580652924008 0.06567814617307155 
0.95 1.3088616478391102 0.16745645601726178 0.08172692948563721 0.0741458249158032 0.06782860622953724 0.061269230612577934 0.05361222350321596 
0.9555555555555556 1.3139642454355132 0.13894133311982945 0.06530745799214098 0.05912415717902439 0.05404251306287082 0.04879125483680125 0.04267992656477802 
0.9611111111111111 1.3184812705579687 0.11173388393972637 0.05055040568080157 0.045675434304664454 0.041715570836698634 0.03764264846210186 0.032916416002206766 
0.9666666666666667 1.3224072210067197 0.08623576289848131 0.03753747062334319 0.033854252589266894 0.030893891757983204 0.027862913269845278 0.024355623035556793 
0.9722222222222222 1.3257373155892873 0.06291029648302679 0.026341946778484913 0.02371376012778905 0.021622290931775295 0.01949043160395332 0.017030367960988748 
0.9777777777777777 1.3284675010356823 0.04228801851566476 0.017033346244233204 0.015305847608379134 0.013944327532299211 0.012562506914987077 0.01097235017897941 
0.9833333333333333 1.3305944602008903 0.024971984339840648 0.009678955208602827 0.008681281022206869 0.007902410965125303 0.007115352634930843 0.006212066813235765 
0.9888888888888889 1.3321156291556862 0.011643055492373294 0.004344876998501364 0.003889828280578372 0.0035378927932709866 0.0031838161487088975 0.0027784521624425766 
0.9944444444444445 1.3330292915220343 0.0030524534245718778 0.001096985084876677 0.0009802483929297373 0.0008907987942664497 0.00080119440458185 0.0006988640287907954 
1.0 -0.0 -0.0 -0.0 -0.0 -0.0 -0.0 -0.0 
