0.0 0.0 -0.0 -0.0 -0.0 -0.0 -0.0 -0.0 -0.0 
0.015625 1.330925693711102 0.02246761431295486 0.010159993488837307 0.008568565151709203 0.007730107866890653 0.006872403291368989 0.00630764323565247 0.0055045107790076325 
0.03125 1.3237259705382103 0.0781687313405249 0.03871886517514675 0.03328895021684499 0.03018592391600996 0.026915295938532924 0.024733663993945033 0.021610360236821176 
0.046875 1.311803498230135 0.15295472155449583 0.08278556243810002 0.07263021803329492 0.06621267950450782 0.05921067644972694 0.05447693120639685 0.04764813514948027 
0.0625 1.2952730966700088 0.2369315631795659 0.13936191874200088 0.12452272320804787 0.11458284347793482 0.10276592113856017 0.09465784348267418 0.0828656289143473 
0.078125 1.274293962655477 0.32371010456868354 0.2054716313755481 0.18658803263651932 0.1739600289401303 0.15651084670048307 0.14432493774147406 0.1264273257333034 
0.09375 1.2490681367135879 0.40918561164751366 0.2782567938829683 0.2562442438831606 0.24285367959617232 0.21929810482647932 0.20245259843444166 0.1774006809907502 
0.109375 1.2198385573373924 0.4907474345636522 0.35508701207016624 0.3309262583752904 0.3194279663233027 0.28990310625735455 0.2679465232041035 0.23472936220941362 
0.125 1.1868867213547138 0.5667901998681979 0.4336162821397844 0.40823369358645634 0.3976229536327231 0.36701592363992097 0.33964521806332365 0.29715981458483376 
0.140625 1.1505299729586338 0.6363816452695865 0.5117973394273118 0.4860082219824282 0.47667946287477725 0.4492217910322256 0.41631583047249093 0.36365444739509883 
0.15625 1.1111184475107945 0.6990330521303088 0.5878713749472365 0.5623567181422272 0.5546536635294352 0.5349559828530341 0.49664940422927956 0.44291810553528843 
0.171875 1.0690316995451725 0.7545465763427105 0.6603446127384609 0.6356458852943978 0.629808468171099 0.6223863465177075 0.5792515562577292 0.5272521131157155 
0.1875 1.0246750474509811 0.8029744032667571 0.7279561070263639 0.7044816086505978 0.7006487531782022 0.7089434206486718 0.6626145038528737 0.6160273029182927 
0.203125 0.978475670036111 0.8449174729713362 0.7896490209502531 0.7676872893254859 0.7659060045415664 0.7801348370638176 0.7450521057331997 0.7084206887553051 
0.21875 0.9308784925595107 0.8789719875952857 0.8445446071258322 0.824280402832484 0.8245188811795928 0.8433823996195811 0.8245557645499978 0.8035388861137496 
0.234375 0.8823419018595925 0.9047569167763261 0.8919204603769114 0.8734531560897688 0.8756170925713074 0.8981778714116249 0.8983603555165433 0.9004423984015161 
0.25 0.8333333318372914 0.922139897338764 0.9311943045530976 0.9145580308934658 0.9184995133798661 0.9438361213424039 0.9607499631199615 0.9981494539214013 
0.265625 0.7843247618126 0.9311069745422071 0.9619100486214287 0.9470912714683082 0.9526208689040806 0.9797138077712496 1.031895684384055 1.0956337121844293 
0.28125 0.735788171105861 0.9317172956029576 0.9837276227782018 0.9706827470820657 0.9775809797930237 1.0051876143422092 1.0892296447038758 1.191807895131602 
0.296875 0.6881909936180702 0.9240643003803153 0.9964116416624286 0.9850822190344845 0.9931129170944977 1.0194252709714478 1.1344323254840563 1.2854822957301193 
0.3125 0.6419916161881578 0.9081847436554223 0.9998201970558653 0.9901453725109587 0.9990687405266191 1.019998981884143 1.1673138465517645 1.3752687504984842 
0.328125 0.597634964076532 0.8836689598036168 0.9938908999483737 0.985821005241518 0.9953998841391104 1.0438687615164117 1.1873659254255662 1.4593432927929453 
0.34375 0.5555482160906302 0.8516724573281204 0.9786222805316374 0.9721324528538777 0.982134300923347 1.0526457424367777 1.194037401424579 1.5347959306097627 
0.359375 0.5161366906215451 0.8132633997558553 0.9540429143008878 0.9491546477817133 0.9593377335481957 1.0481735365241363 1.1868135775207025 1.5951162590056092 
0.375 0.4797799422049791 0.7695136337965353 0.9201700178584814 0.9169708190095116 0.9270089702602073 1.0305298922449289 1.1652043105668548 1.5880931746539748 
0.390625 0.44682810620376195 0.7214380456893013 0.8769358405204651 0.8756157779949911 0.8845951097712975 0.9994249715076945 1.1286737424798434 1.5480391238170628 
0.40625 0.41759852681265014 0.6698336294587448 0.824077058345415 0.8249583912380257 0.8498341411812212 0.9543674416236594 1.076560431111136 1.481076594176064 
0.421875 0.3923727008614647 0.6150007448254543 0.7609395335090013 0.7645027011341335 0.7989374113541489 0.8945850919455587 1.0079503218872887 1.3875802836799773 
0.4375 0.3713935668455555 0.5562570844869328 0.6861154350224528 0.6930092636363607 0.7322175413090487 0.8187406205700166 0.9213172759755356 1.266233818115391 
0.453125 0.3548631652959779 0.49099910713538136 0.5966798275991672 0.6077816526405951 0.6476824557305111 0.7242500240561187 0.8137699929622783 1.113599359225136 
0.46875 0.34294069301806485 0.41251793487786914 0.48637509753067415 0.5050110814392578 0.5402742912723864 0.6055058206447228 0.679083053634043 0.9215698538110649 
0.484375 0.33574096993995894 0.30159169433579197 0.3392600243825223 0.36465188204456805 0.3964823852855332 0.44734557790767326 0.4999233545283143 0.6672305854988394 
0.5 0.333333333333454 0.07557662048289265 0.0893782783284183 0.12543770686823588 0.15197421490776367 0.17735516962807188 0.19486116143548912 0.24156244933313947 
0.515625 0.3357409700583803 0.30159169441661804 0.33926002448221476 0.36465188215278055 0.39648238540246833 0.447345578038794 0.4999233546742122 0.6672305857220955 
0.53125 0.34294069326056476 0.4125179351635495 0.4863750978699302 0.5050110817926811 0.5402742916512198 0.6055058210721715 0.679083054108849 0.9215698544641436 
0.546875 0.3548631656739068 0.49099910765305443 0.5966798282387296 0.607781653287674 0.6476824564200789 0.7242500248210972 0.8137699938290218 1.1135993604237713 
0.5625 0.3713935673759457 0.5562570852766054 0.6861154359993683 0.693009264627898 0.7322175423567063 0.8187406217425096 0.9213172773004471 1.2662338199220629 
0.578125 0.3923727015671053 0.6150007459266756 0.7609395348726112 0.7645027025095208 0.7989374127927591 0.8945850935599805 1.007950323706646 1.3875802861753341 
0.59375 0.41759852772213857 0.669833630914169 0.8240770601370349 0.8249583930324977 0.8498341430334305 0.954367443706505 1.0765604334579715 1.4810765974032767 
0.609375 0.44682810735161566 0.7214380475423173 0.8769358427720774 0.8756157802396567 0.8845951120420967 0.9994249740774076 1.1286737453798967 1.5480391277941896 
0.625 0.4797799436317933 0.7695136360887099 0.920170020594991 0.9169708217317135 0.9270089730121545 1.030529895310887 1.1652043140333899 1.5880931793764803 
0.640625 0.5161366923741878 0.8132634025251216 0.9540429175411697 0.9491546510011994 0.959337736802921 1.0481735400847072 1.1868135815527776 1.5951162644221841 
0.65625 0.5555482182225856 0.8516724606066844 0.9786222842884489 0.9721324565833603 0.982134304691278 1.0526457464780896 1.1940374060092036 1.534795936500212 
0.671875 0.5976349666483273 0.8836689636170945 0.9938909042276287 0.985821009485271 0.9953998884233923 1.0438687660115373 1.187365930537724 1.4593432990735862 
0.6875 0.641991619267954 0.9081847480228401 0.9998202018556341 0.9901453772646661 0.999068745321943 1.019998986776089 1.1673138521538207 1.375268757096809 
0.703125 0.6881909972825039 0.924064305309894 0.9964116469725247 0.9850822242853411 0.9931129223865999 1.0194252763934697 1.1344323315251674 1.2854823025754274 
0.71875 0.7357881754412204 0.9317173010992063 0.983727628579678 0.9706827528080257 0.9775809855581075 1.0051876202636838 1.0892296511202795 1.1918079021541617 
0.734375 0.7843247669163509 0.9311069806050046 0.9619100548863022 0.947091277638076 0.9526208751083568 0.9797138141479412 1.0318956910972397 1.095633719314058 
0.75 0.8333333378202802 0.9221399039616496 0.9311943112439868 0.9145580374661142 0.9184995199793206 0.9438361281213098 0.9607499700131562 0.9981494610878373 
0.765625 0.8823419088490151 0.9047569239452552 0.8919204674468245 0.8734531630143129 0.8756170995113768 0.8981778785286694 0.898360362625042 0.9004424055345047 
0.78125 0.9308785007031624 0.8789719952874588 0.8445446145176951 0.8242804100476375 0.8245188883950191 0.8433824069986702 0.8245557717621089 0.8035388931434747 
0.796875 0.9784756795082925 0.8449174811542915 0.7896490285967269 0.7676872967594557 0.7659060119565138 0.7801348446157522 0.7450521129473364 0.7084206956133903 
0.8125 1.0246750584611093 0.8029744118979748 0.7279561148493252 0.7044816162208328 0.700648760705679 0.7089434282661322 0.662614510975195 0.6160273095377895 
0.828125 1.069031712350473 0.7545465853824433 0.6603446206485718 0.6356458929074443 0.6298084757132295 0.6223863539730109 0.5792515631983834 0.5272521194314992 
0.84375 1.1111184624354034 0.6990330615201443 0.5878713828432364 0.5623567256937559 0.5546536709773366 0.5349559900379645 0.4966494109014984 0.4429181114846513 
0.859375 1.1505299904236317 0.6363816549287601 0.5117973471958344 0.48600822935747695 0.4766794701089309 0.4492217978503541 0.41631583679233214 0.3636544529150246 
0.875 1.1868867419270657 0.5667902096901232 0.4336162896549418 0.4082337006600549 0.39762296052349644 0.36701593000051363 0.3396452239497788 0.2971598197348523 
0.890625 1.2198385818141808 0.4907474444082838 0.35508701919408664 0.33092626501377254 0.3194279727320882 0.289903112073952 0.26794652857963425 0.2347293669196025 
0.90625 1.2490681662764158 0.40918562133050357 0.2782568004672637 0.25624424994695044 0.2428536853437217 0.21929811001671892 0.20245260322540662 0.17740068518976074 
0.921875 1.274293999179916 0.32371011384715254 0.20547163726363835 0.18658803798421758 0.1739600339260327 0.1565108511865272 0.14432494187806286 0.1264273293568501 
0.9375 1.2952731434218363 0.23693157173262902 0.13936192377164677 0.1245227277024472 0.11458284761350336 0.10276592484765529 0.0946578468992448 0.08286563190497796 
0.953125 1.3118035617224189 0.1529547289581767 0.0827855664450155 0.07263022154856114 0.06621268270907837 0.05921067931521942 0.054476933842786866 0.047648137455737774 
0.96875 1.3237260670317637 0.07816873703867147 0.03871886799738602 0.033288952643361 0.03018592611634523 0.02691529790044166 0.024733665796723422 0.021610361812213864 
0.984375 1.330925888216798 0.02246761759684217 0.010159994973544643 0.008568566403897648 0.007730108996559315 0.006872404295690102 0.006307644157445495 0.005504511583675383 
1.0 0.0 -0.0 -0.0 -0.0 -0.0 -0.0 -0.0 -0.0 
