0.0 -0.0 
0.005555555555555556 0.0010791453101131982 
0.011111111111111112 0.00428934954216792 
0.016666666666666666 0.009588166790290153 
0.022222222222222223 0.016930542211396664 
0.027777777777777776 0.02626936078542172 
0.03333333333333333 0.037554879833577255 
0.03888888888888889 0.05073406854935414 
0.044444444444444446 0.06574994580178106 
0.05 0.08254010790268317 
0.05555555555555555 0.10103267478236183 
0.06111111111111111 0.12112883713956997 
0.06666666666666667 0.13977612796648586 
0.07222222222222222 0.1591312478478451 
0.07777777777777778 0.17911848548764173 
0.08333333333333333 0.19965546400010545 
0.08888888888888889 0.22066256616375415 
0.09444444444444444 0.24206394578738544 
0.1 0.2637875718734367 
0.10555555555555556 0.2857646495551643 
0.1111111111111111 0.30792946372458135 
0.11666666666666667 0.33021941262419074 
0.12222222222222222 0.35257472705123577 
0.12777777777777777 0.37493823762874284 
0.13333333333333333 0.39725518549449595 
0.1388888888888889 0.4194731853120454 
0.14444444444444443 0.44154216196705826 
0.15 0.463414002443943 
0.15555555555555556 0.4850425593276859 
0.16111111111111112 0.5063836823463761 
0.16666666666666666 0.5273948753631849 
0.17222222222222222 0.5480352697818944 
0.17777777777777778 0.5682657609891023 
0.18333333333333332 0.5880486065170415 
0.18888888888888888 0.6073478456141346 
0.19444444444444445 0.6261287179081845 
0.2 0.644358072080283 
0.20555555555555555 0.6620040445616787 
0.2111111111111111 0.6790362681278374 
0.21666666666666667 0.6954258645587691 
0.2222222222222222 0.7111450290585951 
0.22777777777777777 0.7261672489510118 
0.23333333333333334 0.7404676342544573 
0.2388888888888889 0.7540223080324066 
0.24444444444444444 0.7668085094763158 
0.25 0.7788050432468634 
0.25555555555555554 0.7899918731602754 
0.2611111111111111 0.8003500514795255 
0.26666666666666666 0.8098617984564132 
0.2722222222222222 0.818510741042592 
0.2777777777777778 0.826281271444339 
0.2833333333333333 0.8331590700986727 
0.28888888888888886 0.8391308662970866 
0.29444444444444445 0.8441839669502381 
0.3 0.8483069732309324 
0.3055555555555556 0.851489208344257 
0.3111111111111111 0.8537208034771957 
0.31666666666666665 0.8549926496681052 
0.32222222222222224 0.8552961161867196 
0.3277777777777778 0.8546229559653421 
0.3333333333333333 0.8529653815477556 
0.3388888888888889 0.850315542388908 
0.34444444444444444 0.8466659928503077 
0.35 0.8420089880512901 
0.35555555555555557 0.8363358435433794 
0.3611111111111111 0.8296371656593381 
0.36666666666666664 0.8219022973341201 
0.37222222222222223 0.8131177041418591 
0.37777777777777777 0.803267333994666 
0.38333333333333336 0.7923302955437168 
0.3888888888888889 0.7802793053977481 
0.39444444444444443 0.767077039600445 
0.4 0.7526724653042122 
0.40555555555555556 0.7369917242175005 
0.4111111111111111 0.7199247425554458 
0.4166666666666667 0.7012955561394656 
0.4222222222222222 0.6807946063724819 
0.42777777777777776 0.6577913407551915 
0.43333333333333335 0.6306090001220501 
0.4388888888888889 0.5903819246726715 
0.4444444444444444 0.594177600510016 
0.45 0.5842773280827925 
0.45555555555555555 0.5693412756357533 
0.46111111111111114 0.5507997595708647 
0.4666666666666667 0.5289200559457287 
0.4722222222222222 0.503456753745617 
0.4777777777777778 0.4736884196210435 
0.48333333333333334 0.4381382071840522 
0.4888888888888889 0.39365774797328706 
0.49444444444444446 0.33150847747489515 
0.5 0.2064900483287814 
0.5055555555555555 0.3315084773481438 
0.5111111111111111 0.39365774801508113 
0.5166666666666667 0.4381382073243319 
0.5222222222222223 0.4736884198509343 
0.5277777777777778 0.5034567540600363 
0.5333333333333333 0.5289200563438492 
0.5388888888888889 0.550799760055296 
0.5444444444444444 0.5693412762110912 
0.55 0.5842773287549566 
0.5555555555555556 0.5941776012929744 
0.5611111111111111 0.5903819254905863 
0.5666666666666667 0.6306090010355878 
0.5722222222222222 0.6577913418242377 
0.5777777777777777 0.6807946075799958 
0.5833333333333334 0.7012955574826011 
0.5888888888888889 0.7199247440350417 
0.5944444444444444 0.7369917258352583 
0.6 0.7526724670621344 
0.6055555555555555 0.7670770415003829 
0.6111111111111112 0.7802793074414766 
0.6166666666666667 0.7923302977330884 
0.6222222222222222 0.8032673363312246 
0.6277777777777778 0.8131177066269629 
0.6333333333333333 0.8219022999688526 
0.6388888888888888 0.8296371684447176 
0.6444444444444445 0.836335846480031 
0.65 0.8420089911395667 
0.6555555555555556 0.8466659960904747 
0.6611111111111111 0.8503155457808571 
0.6666666666666666 0.8529653850910758 
0.6722222222222223 0.8546229596594858 
0.6777777777777778 0.8552961200309211 
0.6833333333333333 0.8549926536611366 
0.6888888888888889 0.8537208076177053 
0.6944444444444444 0.8514892126306872 
0.7 0.848306977661164 
0.7055555555555556 0.8441839715221222 
0.7111111111111111 0.8391308710080447 
0.7166666666666667 0.8331590749461418 
0.7222222222222222 0.8262812764251862 
0.7277777777777777 0.8185107461535565 
0.7333333333333333 0.8098618036937288 
0.7388888888888889 0.8003500568393787 
0.7444444444444445 0.7899918786383979 
0.75 0.7788050488388388 
0.7555555555555555 0.7668085151772601 
0.7611111111111111 0.7540223138372693 
0.7666666666666667 0.7404676401579321 
0.7722222222222223 0.7261672549473208 
0.7777777777777778 0.7111450351418906 
0.7833333333333333 0.6954258707227514 
0.7888888888888889 0.6790362743658479 
0.7944444444444444 0.6620040508668215 
0.8 0.6443580784454674 
0.8055555555555556 0.6261287243258332 
0.8111111111111111 0.6073478520764403 
0.8166666666666667 0.5880486130158425 
0.8222222222222222 0.568265767515983 
0.8277777777777777 0.5480352763280678 
0.8333333333333334 0.5273948819194891 
0.8388888888888889 0.5063836889034654 
0.8444444444444444 0.48504256587552697 
0.85 0.46341400897254337 
0.8555555555555555 0.44154216846585953 
0.8611111111111112 0.419473191770042 
0.8666666666666667 0.39725519190024305 
0.8722222222222222 0.3749382439705232 
0.8777777777777778 0.3525747333168116 
0.8833333333333333 0.330219418800683 
0.8888888888888888 0.30792946979897207 
0.8944444444444445 0.28576465551366736 
0.9 0.26378757770179556 
0.9055555555555556 0.24206395147087065 
0.9111111111111111 0.22066257168715456 
0.9166666666666666 0.19965546934761835 
0.9222222222222223 0.17911849064286015 
0.9277777777777778 0.1591312527936749 
0.9333333333333333 0.1397761326849134 
0.9388888888888889 0.12112884161243169 
0.9444444444444444 0.10103267889633234 
0.95 0.08254011164423562 
0.9555555555555556 0.0657499491605389 
0.9611111111111111 0.050734071515840515 
0.9666666666666667 0.037554882398870976 
0.9722222222222222 0.026269362941122226 
0.9777777777777777 0.016930543949633167 
0.9833333333333333 0.00958816810373142 
0.9888888888888889 0.004289350423981078 
0.9944444444444445 0.001079145753961181 
1.0 -0.0 
