0.0 -0.0 
0.015625 0.008416816660439945 
0.03125 0.033018004298415136 
0.046875 0.07271094522160314 
0.0625 0.1261636270145831 
0.078125 0.1809193221944516 
0.09375 0.2399990353193124 
0.109375 0.3017042526665881 
0.125 0.3645523928014693 
0.140625 0.42724605950264744 
0.15625 0.4886388997940482 
0.171875 0.5477139091166771 
0.1875 0.603562228810159 
0.203125 0.6553739589159637 
0.21875 0.7024293097201155 
0.234375 0.744095893288754 
0.25 0.7798227007664112 
0.265625 0.8091367482758015 
0.28125 0.8316418587751906 
0.296875 0.847012365937497 
0.3125 0.8549828832892515 
0.328125 0.8553357626075953 
0.34375 0.8478873812572996 
0.359375 0.8324580283899431 
0.375 0.8088295178070996 
0.390625 0.7766400864131363 
0.40625 0.7351143959385464 
0.421875 0.6820730035307654 
0.4375 0.6058894427796638 
0.453125 0.5797056705098419 
0.46875 0.522480971339545 
0.484375 0.43495460049749146 
0.5 0.26103787923705674 
0.515625 0.43495460063207875 
0.53125 0.5224809717057634 
0.546875 0.5797056711271458 
0.5625 0.6058894436437355 
0.578125 0.6820730047519218 
0.59375 0.7351143975382773 
0.609375 0.7766400884090312 
0.625 0.8088295202145501 
0.640625 0.832458031219972 
0.65625 0.8478873845147695 
0.671875 0.8553357662919936 
0.6875 0.8549828873939094 
0.703125 0.8470123704498923 
0.71875 0.8316418636767393 
0.734375 0.8091367535416255 
0.75 0.7798227063651156 
0.765625 0.7440958991824488 
0.78125 0.702429315864241 
0.796875 0.6553739652592857 
0.8125 0.6035622352943262 
0.828125 0.5477139156764174 
0.84375 0.4886389063567488 
0.859375 0.4272460659880866 
0.875 0.3645523991205006 
0.890625 0.3017042587208246 
0.90625 0.2399990409992255 
0.921875 0.18091932737905642 
0.9375 0.1261636315679482 
0.953125 0.07271094874083465 
0.96875 0.03301800670526203 
0.984375 0.008416817890492834 
1.0 -0.0 
