0.0 -0.0 
0.008333333333333333 0.0024324847616201276 
0.016666666666666666 0.009635516459929836 
0.025 0.02145853874047113 
0.03333333333333333 0.037738340307454675 
0.041666666666666664 0.05829615180362633 
0.05 0.08293065515309449 
0.058333333333333334 0.11138976219384115 
0.06666666666666667 0.1389142731206847 
0.075 0.1680676086788285 
0.08333333333333333 0.1985614756568644 
0.09166666666666666 0.23012165152140135 
0.1 0.26249407308038936 
0.10833333333333334 0.29544315891937656 
0.11666666666666667 0.3287499765540901 
0.125 0.3622104677172156 
0.13333333333333333 0.39563380909414575 
0.14166666666666666 0.4288415845176736 
0.15 0.46166640742745313 
0.15833333333333333 0.4939510669455531 
0.16666666666666666 0.5255479376460879 
0.175 0.5563179120981925 
0.18333333333333332 0.5861300760927997 
0.19166666666666668 0.614860791773866 
0.2 0.6423946099030278 
0.20833333333333334 0.6686228584632725 
0.21666666666666667 0.6934442721687053 
0.225 0.7167641375227644 
0.23333333333333334 0.7384946056895035 
0.24166666666666667 0.7585541914510154 
0.25 0.7768678103069464 
0.25833333333333336 0.7933668257762628 
0.26666666666666666 0.8079888337379835 
0.275 0.820677077193532 
0.2833333333333333 0.8313803157369654 
0.2916666666666667 0.8400529638822738 
0.3 0.8466541292667757 
0.30833333333333335 0.8511474037583887 
0.31666666666666665 0.8535001257134761 
0.325 0.8536833661294521 
0.3333333333333333 0.8516703637226987 
0.3416666666666667 0.8474358484005441 
0.35 0.8409545509480673 
0.35833333333333334 0.8322007003557351 
0.36666666666666664 0.8211442175264295 
0.375 0.8077466214653429 
0.38333333333333336 0.7919565489464815 
0.39166666666666666 0.7736979662645264 
0.4 0.7528544787993362 
0.4083333333333333 0.7292337919291583 
0.4166666666666667 0.7024934992152 
0.425 0.6719306231974574 
0.43333333333333335 0.6356772516912792 
0.44166666666666665 0.5838876111468293 
0.45 0.5792164881679063 
0.4583333333333333 0.5571040779295037 
0.4666666666666667 0.5264830126949159 
0.475 0.48754306031355193 
0.48333333333333334 0.4374346684744413 
0.49166666666666664 0.3670034434590546 
0.5 0.2266959377302733 
0.5083333333333333 0.36700344345850117 
0.5166666666666667 0.4374346686132554 
0.525 0.48754306058666913 
0.5333333333333333 0.5264830130901454 
0.5416666666666666 0.5571040784554012 
0.55 0.5792164888360218 
0.5583333333333333 0.5838876119198922 
0.5666666666666667 0.6356772526398272 
0.575 0.6719306243471951 
0.5833333333333334 0.7024935005634982 
0.5916666666666667 0.7292337934796816 
0.6 0.7528544805570924 
0.6083333333333333 0.7736979682343577 
0.6166666666666667 0.7919565511327545 
0.625 0.807746623872047 
0.6333333333333333 0.8211442201564908 
0.6416666666666667 0.8322007032113199 
0.65 0.8409545540304312 
0.6583333333333333 0.8474358517100474 
0.6666666666666666 0.8516703672588254 
0.675 0.8536833698909045 
0.6833333333333333 0.8535001296979776 
0.6916666666666667 0.8511474079628409 
0.7 0.846654133687124 
0.7083333333333334 0.8400529685135462 
0.7166666666666667 0.8313803205731554 
0.725 0.8206770822278108 
0.7333333333333333 0.8079888389625388 
0.7416666666666667 0.7933668311822506 
0.75 0.7768678158846336 
0.7583333333333333 0.7585541971896226 
0.7666666666666667 0.7384946115772991 
0.775 0.716764143546939 
0.7833333333333333 0.6934442783154353 
0.7916666666666666 0.6686228647177723 
0.8 0.6423946162493299 
0.8083333333333333 0.6148607981950993 
0.8166666666666667 0.5861300825710248 
0.825 0.5563179186143087 
0.8333333333333334 0.5255479441800095 
0.8416666666666667 0.4939510734759231 
0.85 0.4616664139317894 
0.8583333333333333 0.4288415909722991 
0.8666666666666667 0.3956338154739005 
0.875 0.36221047399563916 
0.8833333333333333 0.32874998270321604 
0.8916666666666667 0.29544316490961725 
0.9 0.2624940788804521 
0.9083333333333333 0.23012165709835924 
0.9166666666666666 0.19856148097592222 
0.925 0.16806761370324766 
0.9333333333333333 0.1389142778112439 
0.9416666666666667 0.11138976650810259 
0.95 0.08293065891223497 
0.9583333333333334 0.058296154982679 
0.9666666666666667 0.03773834288531163 
0.975 0.02145854069804139 
0.9833333333333333 0.009635517779888914 
0.9916666666666667 0.002432485428534436 
1.0 -0.0 
