0.0 -0.0 
0.011111111111111112 0.004332092297334061 
0.022222222222222223 0.017098254040091562 
0.03333333333333333 0.03792331435428693 
0.044444444444444446 0.06638404883302634 
0.05555555555555555 0.10196690882210623 
0.06666666666666667 0.13806866890844308 
0.07777777777777778 0.1770990594596763 
0.08888888888888889 0.2183616588456723 
0.1 0.2612276923510541 
0.1111111111111111 0.3051315685097653 
0.12222222222222222 0.34955996223610486 
0.13333333333333333 0.39404463799669887 
0.14444444444444443 0.43815773381734235 
0.15555555555555556 0.4815068821616825 
0.16666666666666666 0.5237315699969339 
0.17777777777777778 0.5644985279502106 
0.18888888888888888 0.6035007550411446 
0.2 0.6404551756586966 
0.2111111111111111 0.675101963050029 
0.2222222222222222 0.7072036428444982 
0.23333333333333334 0.7365436398912562 
0.24444444444444444 0.7629266847392873 
0.25555555555555554 0.786178106619247 
0.26666666666666666 0.8061416586502419 
0.2777777777777778 0.8226798439037312 
0.28888888888888886 0.8356741629531925 
0.3 0.8450229403049476 
0.3111111111111111 0.8506381611615466 
0.32222222222222224 0.8524446479327109 
0.3333333333333333 0.8503781561962808 
0.34444444444444444 0.8443814496861175 
0.35555555555555557 0.8343989940223799 
0.36666666666666664 0.8203685505359408 
0.37777777777777777 0.8022127439370021 
0.3888888888888889 0.779814080781058 
0.4 0.752977103425923 
0.4111111111111111 0.721337606879869 
0.4222222222222222 0.6841394610644317 
0.43333333333333335 0.6393583372042149 
0.4444444444444444 0.5764112293912069 
0.45555555555555555 0.5614645400531428 
0.4666666666666667 0.524019586366236 
0.4777777777777778 0.471039919050476 
0.4888888888888889 0.39452174011243546 
0.5 0.24240722871048395 
0.5111111111111111 0.3945217401735908 
0.5222222222222223 0.47103991927570193 
0.5333333333333333 0.5240195867615954 
0.5444444444444444 0.5614645406230052 
0.5555555555555556 0.5764112301171657 
0.5666666666666667 0.6393583381669876 
0.5777777777777777 0.6841394622849071 
0.5888888888888889 0.7213376083641536 
0.6 0.7529771051836972 
0.6111111111111112 0.7798140828213825 
0.6222222222222222 0.8022127462674172 
0.6333333333333333 0.8203685531624078 
0.6444444444444445 0.8343989969487302 
0.6555555555555556 0.844381452914141 
0.6666666666666666 0.8503781597258828 
0.6777777777777778 0.8524446517613569 
0.6888888888888889 0.8506381652846893 
0.7 0.8450229447159898 
0.7111111111111111 0.8356741676432043 
0.7222222222222222 0.8226798488617176 
0.7333333333333333 0.8061416638626681 
0.7444444444444445 0.786178112070396 
0.7555555555555555 0.7629266904112088 
0.7666666666666667 0.736543645763625 
0.7777777777777778 0.7072036488945566 
0.7888888888888889 0.6751019692524899 
0.8 0.6404551819860527 
0.8111111111111111 0.6035007614632495 
0.8222222222222222 0.5644985344345745 
0.8333333333333334 0.5237315765084538 
0.8444444444444444 0.48150688866248975 
0.8555555555555555 0.43815774026677445 
0.8666666666666667 0.394044644351052 
0.8777777777777778 0.3495599684482973 
0.8888888888888888 0.3051315745291867 
0.9 0.2612276981232367 
0.9111111111111111 0.2183616643123552 
0.9222222222222223 0.1770990645582097 
0.9333333333333333 0.138068673570928 
0.9444444444444444 0.1019669129733691 
0.9555555555555556 0.06638405222420438 
0.9666666666666667 0.03792331694484998 
0.9777777777777777 0.017098255795575296 
0.9888888888888889 0.00433209318798235 
1.0 -0.0 
