0.0 -0.0 
0.004761904761904762 0.000792425144807843 
0.009523809523809525 0.003152681982177869 
0.014285714285714285 0.007054414340083959 
0.01904761904761905 0.012469825900594561 
0.023809523809523808 0.01937004180858882 
0.02857142857142857 0.027724930038352198 
0.03333333333333333 0.03750283757180464 
0.0380952380952381 0.04867033414727102 
0.04285714285714286 0.06119192707225335 
0.047619047619047616 0.07502950795990448 
0.05238095238095238 0.09014111876237098 
0.05714285714285714 0.1064775307814834 
0.06190476190476191 0.12396768718094194 
0.06666666666666667 0.1400247986642147 
0.07142857142857142 0.1565959151850666 
0.0761904761904762 0.1736381081860949 
0.08095238095238096 0.19110019688532492 
0.08571428571428572 0.20893152214023106 
0.09047619047619047 0.2270832876204705 
0.09523809523809523 0.24550864630089886 
0.1 0.26416264459346 
0.10476190476190476 0.2830021636477084 
0.10952380952380952 0.3019857673516593 
0.11428571428571428 0.321073563717559 
0.11904761904761904 0.34022730707837767 
0.12380952380952381 0.3594102479017113 
0.12857142857142856 0.37858696860269425 
0.13333333333333333 0.3977232906886684 
0.1380952380952381 0.4167863086429115 
0.14285714285714285 0.43574438815921135 
0.14761904761904762 0.45456701985187836 
0.1523809523809524 0.47322465825078713 
0.15714285714285714 0.49168881370695083 
0.1619047619047619 0.5099321054221657 
0.16666666666666666 0.5279279850774591 
0.17142857142857143 0.545650788987706 
0.1761904761904762 0.5630758198512639 
0.18095238095238095 0.5801791258311888 
0.18571428571428572 0.5969376250816517 
0.19047619047619047 0.6133290466553918 
0.19523809523809524 0.6293318380061868 
0.2 0.644925277827043 
0.20476190476190476 0.6600895594811814 
0.20952380952380953 0.6748053431266764 
0.21428571428571427 0.6890542024318842 
0.21904761904761905 0.7028184426893049 
0.22380952380952382 0.7160809803797293 
0.22857142857142856 0.7288254929242343 
0.23333333333333334 0.7410363366586304 
0.23809523809523808 0.7526986038777641 
0.24285714285714285 0.7637979962979553 
0.24761904761904763 0.7743209624130831 
0.2523809523809524 0.7842545037273457 
0.2571428571428571 0.7935864383944746 
0.2619047619047619 0.802305121846647 
0.26666666666666666 0.8103994972072895 
0.2714285714285714 0.8178592707419889 
0.2761904761904762 0.82467466463042 
0.28095238095238095 0.8308363865241863 
0.2857142857142857 0.8363358069344549 
0.2904761904761905 0.8411647407954022 
0.29523809523809524 0.8453155501378053 
0.3 0.8487811978476699 
0.3047619047619048 0.8515548506311057 
0.30952380952380953 0.8536302991455957 
0.3142857142857143 0.8550016085139919 
0.319047619047619 0.8556632307926699 
0.3238095238095238 0.8556099054863382 
0.32857142857142857 0.8548364393104746 
0.3333333333333333 0.853337731406353 
0.3380952380952381 0.8511091209150686 
0.34285714285714286 0.8481456967706783 
0.3476190476190476 0.8444424759509072 
0.3523809523809524 0.8399941169317274 
0.35714285714285715 0.8347949592392978 
0.3619047619047619 0.8288386875761883 
0.36666666666666664 0.822117782583639 
0.37142857142857144 0.8146235487654678 
0.3761904761904762 0.8063460190447195 
0.38095238095238093 0.7972717212545124 
0.38571428571428573 0.7873850550575319 
0.3904761904761905 0.7766647657336466 
0.3952380952380952 0.7650837630028979 
0.4 0.7526056489686365 
0.40476190476190477 0.7391803675641969 
0.4095238095238095 0.7247366804157718 
0.4142857142857143 0.7091684499241012 
0.41904761904761906 0.6923060740125611 
0.4238095238095238 0.6738524467268702 
0.42857142857142855 0.6532020227793487 
0.43333333333333335 0.6287411454629915 
0.4380952380952381 0.5919700553072099 
0.44285714285714284 0.5977935063206474 
0.44761904761904764 0.5908715335210386 
0.4523809523809524 0.579569179325723 
0.45714285714285713 0.5653698896841322 
0.46190476190476193 0.5487007346443288 
0.4666666666666667 0.5296095728685933 
0.4714285714285714 0.5079065411991857 
0.47619047619047616 0.48315290976012626 
0.48095238095238096 0.4545448245984361 
0.4857142857142857 0.4206031239477179 
0.49047619047619045 0.3782568350800291 
0.49523809523809526 0.3190132820074842 
0.5 0.1993837853540633 
0.5047619047619047 0.31901328180882305 
0.5095238095238095 0.37825683507779834 
0.5142857142857142 0.4206031240505934 
0.5190476190476191 0.4545448247803899 
0.5238095238095238 0.4831529100147032 
0.5285714285714286 0.5079065415248346 
0.5333333333333333 0.529609573266077 
0.5380952380952381 0.5487007351158609 
0.5428571428571428 0.565369890233099 
0.5476190476190477 0.5795691799559543 
0.5523809523809524 0.5908715342386531 
0.5571428571428572 0.5977935071450973 
0.5619047619047619 0.5919700561377994 
0.5666666666666667 0.6287411463565328 
0.5714285714285714 0.6532020238211125 
0.5761904761904761 0.6738524478919409 
0.580952380952381 0.6923060752955589 
0.5857142857142857 0.7091684513243253 
0.5904761904761905 0.7247366819339774 
0.5952380952380952 0.7391803692016173 
0.6 0.7526056507266798 
0.6047619047619047 0.7650837648828795 
0.6095238095238096 0.7766647677367443 
0.6142857142857143 0.7873850571851477 
0.6190476190476191 0.797271723507841 
0.6238095238095238 0.8063460214246989 
0.6285714285714286 0.8146235512732016 
0.6333333333333333 0.8221177852199059 
0.638095238095238 0.828838690341609 
0.6428571428571429 0.8347949621344025 
0.6476190476190476 0.8399941199568581 
0.6523809523809524 0.8444424791063101 
0.6571428571428571 0.8481457000563161 
0.6619047619047619 0.8511091243309038 
0.6666666666666666 0.853337734952047 
0.6714285714285714 0.854836442985607 
0.6761904761904762 0.8556099092903391 
0.680952380952381 0.8556632347247213 
0.6857142857142857 0.8550016125732421 
0.6904761904761905 0.8536303033308545 
0.6952380952380952 0.8515548549411364 
0.7 0.8487812022809964 
0.7047619047619048 0.8453155546927765 
0.7095238095238096 0.8411647454702333 
0.7142857142857143 0.8363358117272172 
0.719047619047619 0.8308363914326855 
0.7238095238095238 0.8246746696523615 
0.7285714285714285 0.8178592758748974 
0.7333333333333333 0.8103995024483452 
0.7380952380952381 0.8023051271931375 
0.7428571428571429 0.793586443843296 
0.7476190476190476 0.7842545092751928 
0.7523809523809524 0.7743209680566131 
0.7571428571428571 0.763798002033481 
0.7619047619047619 0.752698609701533 
0.7666666666666667 0.7410363425667094 
0.7714285714285715 0.7288254989123919 
0.7761904761904762 0.7160809864435783 
0.780952380952381 0.7028184488244351 
0.7857142857142857 0.689054208633442 
0.7904761904761904 0.674805349389801 
0.7952380952380952 0.660089565800741 
0.8 0.6449252841975608 
0.8047619047619048 0.6293318444223381 
0.8095238095238095 0.6133290531115904 
0.8142857142857143 0.5969376315716242 
0.819047619047619 0.5801791323490176 
0.8238095238095238 0.5630758263906586 
0.8285714285714286 0.5456507955421039 
0.8333333333333334 0.5279279916401319 
0.8380952380952381 0.5099321119861696 
0.8428571428571429 0.4916888202651142 
0.8476190476190476 0.4732246647956692 
0.8523809523809524 0.4545670263760043 
0.8571428571428571 0.4357443946545474 
0.861904761904762 0.4167863151013074 
0.8666666666666667 0.39772329710178944 
0.8714285714285714 0.37858697496182925 
0.8761904761904762 0.35941025419795475 
0.8809523809523809 0.3402273133024151 
0.8857142857142857 0.32107356985984725 
0.8904761904761904 0.3019857734023768 
0.8952380952380953 0.2830021695965796 
0.9 0.2641626504299236 
0.9047619047619048 0.2455086520142245 
0.9095238095238095 0.22708329319941187 
0.9142857142857143 0.20893152757328948 
0.919047619047619 0.19110020216059767 
0.9238095238095239 0.1736381132912249 
0.9285714285714286 0.15659592010737794 
0.9333333333333333 0.14002480339038775 
0.9380952380952381 0.12396769169837223 
0.9428571428571428 0.1064775349945446 
0.9476190476190476 0.09014112265976551 
0.9523809523809523 0.07502951153378618 
0.9571428571428572 0.06119193031541656 
0.9619047619047619 0.048670337052920745 
0.9666666666666667 0.037502840133486225 
0.9714285714285714 0.02772493224993292 
0.9761904761904762 0.019370043664248025 
0.9809523809523809 0.012469827394844724 
0.9857142857142858 0.007054415467753188 
0.9904761904761905 0.0031526827384056096 
0.9952380952380953 0.0007924255250569669 
1.0 -0.0 
