0 0.0354882984687925 0.833974
0.025 0.0367958787215652 0.998328
0.05 0.03810845972997 1.190876
0.075 0.0395824053303414 1.391778
0.1 0.0409635696793191 1.57408
0.125 0.0417629466018808 1.724472
0.15 0.042054000953827 1.844927
0.175 0.0424520755384109 1.937815
0.2 0.0440766030961597 2.010927
0.225 0.0489622024621575 2.076949
0.25 0.0564488685087495 2.136051
0.275 0.0618183930836813 2.177475
0.3 0.0629275100918946 2.196545
0.325 0.0594968613504601 2.203697
0.35 0.0544094021198121 2.23309
0.375 0.0544336661395923 2.313876
0.4 0.0625459918158501 2.428797
0.425 0.0773789262014843 2.576086
0.45 0.0945721288510762 2.746865
0.475 0.112289737784306 2.970797
0.5 0.126265472646122 3.200073
0.525 0.132415641649352 3.420819
0.55 0.143175033976012 3.656229
0.575 0.176671520312605 3.822083
0.6 0.200174053056602 3.982393
0.625 0.228552205907568 4.199381
0.65 0.267993056000761 4.493443
0.675 0.308520717695472 4.667495
0.7 0.361824156204418 4.826813
0.725 0.411335986832139 4.830583
0.75 0.438029971599493 4.603672
0.775 0.449373117471179 4.389159
0.8 0.48086131110123 4.558831
0.825 0.4688897231098 4.640514
0.85 0.475239970178009 4.472602
0.875 0.43440995160738 4.22384199999999
0.9 0.44384108500214 3.894761
0.925 0.439177692314469 3.804302
0.95 0.414672203994758 3.670136
0.975 0.424607774078759 3.561906
1 0.412799573089803 3.400741
1.025 0.414692347503012 3.279508
1.05 0.418313007964842 3.177447
1.075 0.440883605885743 3.113862
1.1 0.467512707249174 3.030242
1.125 0.465682828645788 2.932486
1.15 0.476917532219005 2.853857
1.175 0.487804689265284 2.768363
1.2 0.481919365486963 2.726886
1.225 0.497572635461452 2.652682
1.25 0.467446271125853 2.56589
1.275 0.444514862305238 2.510648
1.3 0.483571154942553 2.461611
1.325 0.481397426713121 2.406277
1.35 0.526855200932898 2.394778
1.375 0.456606078854572 2.304694
1.4 0.451368202873527 2.228422
1.425 0.498364629585014 2.288906
1.45 0.519409453130968 2.095464
1.475 0.482739818818835 2.093227
1.5 0.527873314022467 2.070449
1.525 0.578728535458369 2.039011
1.55 0.580456710164009 1.938166
1.575 0.664555707981856 1.897118
1.6 0.694581907017901 1.848378
1.625 0.652529560778157 1.859794
1.65 0.706663327033011 1.881468
1.675 0.809615065500457 1.759409
1.7 0.782535590496956 1.725969
1.725 0.860858646114938 1.721656
1.75 0.974789631988846 1.696601
1.775 1.06820322564923 1.615728
1.8 1.09767483450589 1.541032
1.825 1.10573028847731 1.459871
1.85 1.13738340641017 1.490551
1.875 1.14644499383058 1.443876
1.9 1.18131449485814 1.517285
1.925 1.18846587715852 1.402585
1.95 1.1347709680921 1.346036
1.975 1.15191209049566 1.298315
2 1.17443397203871 1.32567
2.025 1.27075248470076 1.328363
2.05 1.11871960211835 1.321959
2.075 1.1522840508301 1.265301
2.1 1.14717924272729 1.252931
2.125 1.14797342542348 1.318602
2.15 1.11361026988526 1.129871
2.175 1.16413653119277 1.220424
2.2 1.12216686991278 1.116569
2.225 1.14348062624153 1.202101
2.25 1.12245899801729 1.122729
2.275 1.29015214607891 1.138371
2.3 1.29648040233127 1.050188
2.325 1.33458292968666 1.193118
2.35 1.43737833391057 1.141206
2.375 1.60087803065547 1.067411
2.4 1.85065340032291 1.092404
2.425 2.13507936223459 1.094472
2.45 2.49505165306251 1.101418
2.475 2.8444782080592 1.105292
