0 3.81346403816074 0.019529
0.025 4.42009195300951 0.020034
0.05 4.90002428083742 0.0208179999999999
0.075 5.21880685255954 0.0217269999999999
0.1 5.38735641465733 0.0225140000000001
0.125 5.41760690074514 0.023191
0.15 5.32282416063353 0.0231230000000001
0.175 5.16788785422552 0.022434
0.2 5.01211521675765 0.021327
0.225 4.86110532955323 0.0197679999999999
0.25 4.66785259282255 0.0190870000000001
0.275 4.42586849747157 0.0181930000000001
0.3 4.17878321770276 0.02388
0.325 3.96152747690789 0.0226499999999999
0.35 3.80225601075648 0.0200440000000001
0.375 3.63103582477724 0.028709
0.4 3.54808126870071 0.025556
0.425 3.4493463373741 0.0358069999999999
0.45 3.3096545357858 0.0283720000000001
0.475 3.18958802791366 0.031927
0.5 3.15109241603415 0.030766
0.525 2.98638264988865 0.031396
0.55 2.8536002386003 0.035543
0.575 2.76990515151344 0.040507
0.6 2.65620909316154 0.0496160000000001
0.625 2.70159775036919 0.0638409999999999
0.65 2.67064285365606 0.063965
0.675 2.51145747637604 0.044861
0.7 2.55982685265208 0.087496
0.725 2.2255794425815 0.0503870000000001
0.75 2.17695762729214 0.0700030000000001
0.775 2.21813276521751 0.089106
0.8 2.2656689483961 0.0572990000000001
0.825 2.12872000978713 0.0351460000000002
0.85 2.11947505689654 0.053353
0.875 2.12028891530925 0.135986
0.9 2.09929914946874 0.0868449999999998
0.925 2.09918345739845 0
0.95 2.09368714990959 0.000148000000000072
0.975 2.07689936019027 0.056239
1 2.01160530806965 0.088325
1.025 1.8486939785901 0.0580919999999998
1.05 1.766721093182 0.073252
1.075 1.69677969090231 0.10695
1.1 1.84732335240051 0.0968799999999998
1.125 1.79174372013506 0.0936210000000001
1.15 1.84064090399071 0.138838
1.175 1.77256101029406 0.157275
1.2 1.65652335619914 0.107313
1.225 1.61813622111736 0.0686879999999999
1.25 1.58497253515209 0
1.275 1.68471604199152 0
1.3 1.69399492644413 0.0209939999999997
1.325 1.48503237584901 0.102088
1.35 1.51738194355684 0.247728
1.375 1.36370977318368 0.317294
1.4 1.37247861478184 0.192939
1.425 1.39849302187801 0.228732
1.45 1.19579934867938 0.385898
1.475 1.3239792091874 0.00748600000000006
1.5 1.38986420780748 0.0815939999999999
1.525 1.20238937484099 0.193996
1.55 1.22928437960899 0.389729
1.575 1.32962939424082 0.178194
1.6 1.11188417445771 0.289622
1.625 1.13939332224193 0.406672
1.65 1.12434881611962 0.393083
1.675 1.09397291998493 0.524288
1.7 1.06176349448809 0.362986
1.725 1.37544547708336 0.271645
1.75 1.18376254031622 0.313283
1.775 1.30331649096946 0.569962
1.8 1.06947982610672 0.311472
1.825 1.03168196210224 0.196374
1.85 1.03121840982642 0.684307
1.875 1.15221409853584 0.661835
1.9 1.05662713943972 0.604460999999999
1.925 1.07141002714572 0.618106
1.95 1.02225714705432 0.768401
1.975 0.986027728125058 0.763984
2 1.01363461872683 0.778399
2.025 0.709973987755425 0.580691000000001
2.05 0.995601076974261 0.666152
2.075 1.06948155408515 0.86747
2.1 0.95769929557749 0.777666
2.125 1.02623663833421 0.416034
2.15 0.993100306928841 0.756866
2.175 0.829283461995424 0.739729
2.2 1.03836812987634 0.678490999999999
2.225 0.850231548028808 1.08667
2.25 1.09202229409119 1.103999
2.275 1.12314863515273 1.087079
2.3 1.22990099776558 1.0692
2.325 0.942258814711178 1.302791
2.35 1.02086971256512 1.171439
2.375 0.963964454542616 1.439013
2.4 0.947712049869242 1.591466
2.425 0.994583794978101 1.751774
2.45 1.07957995494677 1.54528
2.475 0.941231186933244 1.813946
