0 979.389207
0.025 923.690196
0.05 626.458723
0.075 398.508244
0.1 262.058047
0.125 178.231674
0.15 130.106084
0.175 100.055369
0.2 78.9044830000001
0.225 63.46471
0.25 50.673853
0.275 41.374852
0.3 34.701818
0.325 29.332493
0.35 25.680344
0.375 23.214841
0.4 20.482105
0.425 18.719326
0.45 16.936517
0.475 15.222035
0.5 13.546347
0.525 11.859695
0.55 10.919506
0.575 9.983796
0.6 8.349986
0.625 8.109677
0.65 7.443066
0.675 6.902112
0.7 6.348828
0.725 6.574173
0.75 5.750625
0.775 5.843509
0.8 5.461418
0.825 5.181349
0.85 4.856691
0.875 4.618307
0.9 4.160991
0.925 4.215999
0.95 3.9039
0.975 3.911006
1 3.616466
1.025 3.436159
1.05 3.362695
1.075 2.761494
1.1 2.748473
1.125 2.550194
1.15 2.782686
1.175 2.44178
1.2 2.408677
1.225 2.370749
