5.021e-07 2.00603999787
0.028151822 1.99987921924
0.028809647 2.00657092135
0.057007601 1.98955564796
0.059470832 1.98972263314
0.084985932 1.97326218024
0.090462121 1.99629045168
0.11208233 1.99869557179
0.12177506 1.99919511803
0.13831883 1.9687054572
0.1534031 2.00657640736
0.16370449 2.00486785698
0.18533173 2.01032873295
0.18823529 1.96934105619
0.2119249 2.00174069361
0.2175707 2.01136450506
0.24808674 1.97498307755
0.25010376 2.01454148634
0.26961547 2.01439540212
0.28602444 2.0191339277
0.28680119 1.97296031056
0.30709637 2.01736760659
0.32030161 2.00653161423
0.32732183 2.01493113366
0.34674552 2.01364082522
0.35407732 1.98000823232
0.36534687 2.01362004627
0.38810414 2.02094761614
0.39310813 2.00761730739
0.41240567 1.98680351987
0.42775016 2.01916345476
0.42925646 2.02439691989
0.4453259 1.98945683286
0.46058195 2.02255985362
0.46260678 2.02050869836
0.47504997 1.97914915493
0.4976941 2.02250812562
0.50372329 1.97829436778
0.51799669 2.02838788236
0.53076417 2.0228674055
0.53935322 2.02232747473
0.54275437 2.02680700236
0.55397641 2.0195060266
0.57517742 1.99018220799
0.58181435 2.0096584435
0.59380567 2.02825533893
0.6033555 1.98962650027
0.61215704 2.02387645865
0.61815031 2.0263414188
0.62504487 2.01587634964
0.64982052 2.02180420543
0.65698838 2.02831719095
0.66185885 1.98427975116
0.66341888 2.01887047834
0.66899362 1.99771219995
0.69896508 2.02777700229
0.7037849 1.98763854718
0.70628322 2.02296416707
0.70790359 2.02406183482
0.71366472 2.00529994983
0.74135822 2.01570296159
0.74390218 2.02337132303
0.74576595 2.01229624236
0.75139604 1.97776701105
0.75903702 1.99463264534
0.77716099 2.02080971704
0.77716898 2.00770240161
0.77749842 1.9793609874
0.79719015 2.01539891443
0.80475084 2.01315629265
0.80508101 2.00611850387
0.80656377 2.00338060774
0.81293352 1.98954621866
0.82584017 1.94842336911
0.82973417 2.00956276969
0.83301054 1.96681961709
0.8468638 1.97039509925
0.85180414 1.98976303527
0.85217157 2.00050819931
0.85993864 1.95283341026
0.86542526 1.94011022619
0.86805264 1.96953360392
0.87211524 1.99440898837
0.87616426 1.92648856591
0.881572 1.95635107353
0.88428217 1.93495292956
0.88961587 1.98136323237
0.89242341 1.8875842482
0.89535923 1.91362510137
0.9005938 1.89278743888
0.90472864 1.97300763458
0.90684212 1.92507795071
0.90881184 1.83486017329
0.91607591 1.87463891833
0.91708892 1.82649066836
0.9175014 1.95465520227
0.9231195 1.87761646832
0.92544499 1.75479985195
0.92799908 1.94211294119
0.92802954 1.81188449401
0.93086477 1.79741896153
0.93108472 1.62991319265
0.93168359 1.69939476684
0.93389469 1.7299486057
0.93627251 1.91747550741
0.9423823 1.90245149342
0.94245984 1.58011768232
0.9457878 1.46251779616
0.94638264 1.87131738742
0.94829848 1.78610234082
0.94833544 1.84570131687
0.95115317 1.07491396388
1.0278358 1.02450256338
1.1035257 1.07694813822
1.1782173 1.0272982897
1.2519049 1.07864478534
1.3245828 1.02988494633
1.3962452 1.0800440668
1.4668867 1.03225530553
1.5365021 1.08117280122
1.6050865 1.03440236879
1.6726354 1.08204953695
1.7391448 1.03631967509
1.804611 1.08268665305
1.8690309 1.03800094079
1.9324018 1.08309223409
1.9947213 1.03943973253
2.0559878 1.08327119344
2.1162 1.04062990408
2.1753569 1.08322656371
2.2334582 1.0415651216
2.290504 1.08295796587
2.3464948 1.04223853701
2.4014315 1.08246415312
2.4553157 1.04264352069
2.5081489 1.08174216553
2.5599336 1.04277227294
2.6106724 1.08078747937
2.6603681 1.04261657164
2.7090243 1.07959441098
2.7566447 1.04216737348
2.8032334 1.07815594251
2.8487948 1.04141525946
2.8933338 1.07646369567
2.9368555 1.04034780826
2.9793652 1.07450691069
3.0208687 1.03895253764
3.061372 1.07227403822
3.1008814 1.03721527089
3.1394034 1.0697528139
3.1769449 1.03512133151
3.2135128 1.06692822124
3.2491145 1.03264901843
3.2837575 1.06378086212
3.3174494 1.0297776747
3.3501982 1.06029230088
3.382012 1.02648344266
3.4128991 1.05644054489
3.442868 1.02273822707
3.4719273 1.05219770681
3.5000858 1.01850766204
3.5273524 1.04753350507
3.5537363 1.01375367319
3.5792466 1.04241740984
3.6038927 1.00842750445
3.6276841 1.0368060192
3.6506303 1.00248205374
3.6727409 1.03065217026
3.6940258 0.995845836399
3.7144947 1.02389653658
3.7341575 0.988438043086
3.7530244 1.01647668121
3.7711053 0.980169504559
3.7884103 1.00830898814
3.8049497 0.970920874572
3.8207335 0.999301124344
3.8357721 0.96054825042
3.8500758 0.989324944622
3.8636551 0.948851070147
3.8765199 0.978232205447
3.8886803 0.935578782746
3.9001484 0.965853154191
3.9109319 0.920441658328
3.9210439 0.951919401272
3.9304929 0.902974512335
3.9392894 0.93608325316
3.9474452 0.88252630958
3.9549694 0.917906664456
3.9618725 0.858143764165
3.9681652 0.896810155552
3.9738572 0.828424779699
3.9789595 0.871909417042
3.9834819 0.790747135718
3.9874355 0.841726934935
3.9908276 0.74019707314
3.9936709 0.803896338512
3.9959766 0.665639473728
3.9978063 0.757956959658
3.9994998 0.576950298989
4 0
4.1 0
