0.083440632 1.65758020652
0.084866002 1.6563637518
0.19202433 1.61001447895
0.20122513 1.62743043024
0.26054682 1.56051605544
0.31078511 1.63508844092
0.33201238 1.63760081371
0.3947104 1.55951344448
0.42342108 1.644173155
0.44873439 1.64890242826
0.49421273 1.5597341085
0.53874948 1.6395947706
0.55665456 1.40499696179
0.63108088 1.65506394521
0.65527831 1.63693771199
0.67472613 1.65654109227
0.68107847 1.65234732766
0.70501971 1.63689642337
0.78321579 1.53162184925
0.78544293 1.5474109715
0.78794329 1.65015326498
0.83123735 1.60417718892
0.85216928 1.57610612536
0.858005 1.49749927088
0.87240321 1.63433819417
0.8846768 1.51710217297
0.89508393 1.44379484771
0.91167989 1.33223078344
0.91614088 1.42347764966
0.92979756 1.61696671272
0.93955665 0.902383064279
0.96200685 1.57659087241
0.96881204 1.27503829904
1.1886782 0.800281989684
1.427101 0.908158919883
1.654554 0.80824155294
1.8708248 0.910521082526
2.0757646 0.814282678172
2.2692877 0.910250133179
2.4513696 0.81773957906
2.6220418 0.907611649922
2.7813878 0.818151507478
2.929538 0.90260080759
3.0666647 0.815059727091
3.1929773 0.895027591039
3.3087177 0.807876756736
3.4141564 0.88452859217
3.5095877 0.795737258385
3.5953266 0.870527085797
3.6717049 0.777249193862
3.7390681 0.852132199827
3.7977723 0.749976692477
3.8481822 0.827939786557
3.8906664 0.70912207452
3.9255974 0.795598148945
3.9533507 0.643522842463
3.9742995 0.752240550796
3.9892899 0.536956731056
4 0
4.1 0
