0 0.00118878267809375
0.05 0.0156249999335469
0.1 0.0156249999999844
0.15 0.0156250000000469
0.2 0.0156250000000156
0.25 0.0156250000000312
0.3 0.015625
0.35 0.0156250000000469
0.4 0.0156249999999375
0.45 0.0156249999999844
0.5 0.0156250000000312
0.55 0.015625
0.6 0.0156250000000156
0.65 0.0156250247085312
0.7 0.0156250735294687
0.75 0.130233528430375
0.8 0.201263824216891
0.85 0.24997273860475
0.9 0.281250034531875
0.95 0.312517177928094
1 0.343750000628859
1.05 0.374999999994047
1.1 0.390625000124469
1.15 0.420180949246625
1.2 0.437499967296109
1.25 0.453124990008906
1.3 0.468678971301078
1.35 0.468751428320813
1.4 0.484375000000016
1.45 0.5
1.5 0.500752440236984
1.55 0.515624999999813
1.6 0.531249991618094
1.65 0.53125
1.7 0.546874999997594
1.75 0.546875
1.8 0.562499899465172
1.85 0.5625
1.9 0.572628324958313
1.95 0.578125000000094
2 0.578125000181141
2.05 0.593749999999984
2.1 0.593750000000016
2.15 0.609277998962953
2.2 0.609374999999969
2.25 0.609394054615906
2.3 0.624999999999984
2.35 0.624999999999937
2.4 0.640618877299406
2.45 0.640624999999922
2.5 0.641040209234297
2.55 0.656250000000031
2.6 0.65625
2.65 0.671874260776344
2.7 0.671875
2.75 0.676201451048734
2.8 0.687499999999984
2.85 0.687515416249719
2.9 0.703124797352531
2.95 0.703125249466469
3 0.718693761934203
3.05 0.718750005153172
3.1 0.734126479128203
3.15 0.734375000000156
3.2 0.749541336352516
3.25 0.750000178785281
3.3 0.765445190293406
3.35 0.765644265196266
3.4 0.781231853546609
3.45 0.782625509931734
3.5 0.796874635318937
3.55 0.811887050679453
3.6 0.814615817259562
3.65 0.828170764396891
3.7 0.843670132697219
3.75 0.858877562406172
3.8 0.873956883825047
3.85 0.890292145843812
3.9 0.908907169923453
3.95 0.936681765876328
4 0.988337165296703
4.05 0.999950141777891
4.1 0.999994993877672
4.15 0.999998946394891
4.2 0.999999809724422
4.25 0.999999978661297
4.3 0.999999999415109
4.35 0.999999999391656
4.4 0.999999999955797
4.45 0.999999999991531
4.5 0.999999999962234
4.55 0.999999999999891
4.6 1
4.65 1
4.7 0.999999999999859
4.75 1
4.8 1
4.85 1
4.9 1
4.95 1
5 1
5.05 1
5.1 1
5.15 1
5.2 1
5.25 1
5.3 1
5.35 1
5.4 1
5.45 1
5.5 1
5.55 1
5.6 1
5.65 1
5.7 1
5.75 1
5.8 1
5.85 1
5.9 1
5.95 1
6 1
