0 0.69314718056
0.05 0.69314718056
0.1 0.69314718056
0.15 0.69314718056
0.2 0.69314718056
0.25 0.69314718056
0.3 0.69314718056
0.35 0.69314718056
0.4 0.69314718056
0.45 0.69314718056
0.5 0.69314718056
0.55 0.69314718056
0.6 0.69314718056
0.65 0.69314718055
0.7 0.693147178767
0.75 1.165605630211
0.8 1.270866327658
0.85 1.339547919806
0.9 1.324041967419
0.95 1.302986160193
1 1.280705114141
1.05 1.253567110594
1.1 1.236555617816
1.15 1.129667451276
1.2 1.183449610892
1.25 1.162586015329
1.3 1.133898338398
1.35 1.137878919342
1.4 1.116954143873
1.45 1.085720177126
1.5 1.054251123358
1.55 1.069972614881
1.6 1.033179831052
1.65 1.033180346177
1.7 1.030122373369
1.75 1.030122373629
1.8 0.988115376564
1.85 0.988122244085
1.9 0.867296499165
1.95 1.000149076244
2 1.000149067841
2.05 0.953450557476
2.1 0.953450557471
2.15 0.97529214047
2.2 0.978713815076
2.25 0.97798126944
2.3 0.92795785873
2.35 0.927957858695
2.4 0.962632385301
2.45 0.962894551763
2.5 0.948067409998
2.55 0.908765782295
2.6 0.908765782289
2.65 0.95008869743
2.7 0.950121005664
2.75 0.835327306146
2.8 0.893121478563
2.85 0.892672266807
2.9 0.938548925983
2.95 0.938547693962
3 0.877197554546
3.05 0.878848276135
3.1 0.918190152831
3.15 0.926927001262
3.2 0.851453775699
3.25 0.864231222426
3.3 0.907694093221
3.35 0.913427276337
3.4 0.847241667928
3.45 0.811420360366
3.5 0.899272419666
3.55 0.809684828891
3.6 0.77256901345
3.65 0.878149743419
3.7 0.793310928812
3.75 0.830616093949
3.8 0.720185156187
3.85 0.754652480271
3.9 0.58109843021
3.95 0.448386140225
4 0.082157039088
4.05 2.83182e-07
4.1 4.1202e-08
4.15 6.977e-09
4.2 8.96e-10
4.25 4.86e-10
4.3 0.0
4.35 0.0
4.4 0.0
4.45 0.0
4.5 0.0
4.55 0.0
4.6 0.0
4.65 -0.0
4.7 0.0
4.75 -0.0
4.8 -0.0
4.85 -0.0
4.9 0.0
4.95 -0.0
5 -0.0
5.05 0.0
5.1 -0.0
5.15 -0.0
5.2 -0.0
5.25 -0.0
5.3 0.0
5.35 -0.0
5.4 -0.0
5.45 -0.0
5.5 -0.0
5.55 -0.0
5.6 0.0
5.65 0.0
5.7 -0.0
5.75 0.0
5.8 0.0
5.85 0.0
5.9 -0.0
5.95 -0.0
6 -0.0
