0 4.622627
0.025 5.928195
0.05 7.849743
0.075 10.817449
0.1 15.665864
0.125 24.071366
0.15 39.14468
0.175 63.30661
0.2 81.268341
0.225 62.992258
0.25 34.614772
0.275 22.185673
0.3 16.852583
0.325 12.177084
0.35 6.693225
0.375 5.814818
0.4 5.74570800000001
0.425 12.159909
0.45 11.545761
0.475 8.000499
0.5 2.864207
0.525 0
0.55 0
0.575 0
0.6 0
0.625 0
0.65 0
0.675 0
0.7 0
0.725 0
0.75 0
0.775 0
0.8 0
0.825 0
0.85 0
0.875 0
0.9 0
0.925 0
0.95 0
0.975 0
1 0
1.025 0
1.05 0
1.075 0
1.1 0
1.125 0
1.15 0
1.175 0
1.2 0
1.225 0
