0 427.706267
0.025 534.427981
0.05 436.416502
0.075 290.502687
0.1 192.96981
0.125 135.901251
0.15 104.756006
0.175 82.1862649999999
0.2 62.665638
0.225 46.007651
0.25 36.42468
0.275 34.174681
0.3 32.055294
0.325 26.150377
0.35 23.112145
0.375 20.393812
0.4 19.939328
0.425 16.213178
0.45 13.476874
0.475 10.805014
0.5 10.342001
0.525 10.365227
0.55 8.921592
0.575 8.14143
0.6 7.865899
0.625 8.81768300000001
0.65 8.316799
0.675 8.758891
0.7 7.834822
0.725 6.413957
0.75 6.462325
0.775 4.82374799999999
0.8 5.185768
0.825 4.81003399999999
0.85 4.906931
0.875 3.576644
0.9 4.104946
0.925 3.678667
0.95 2.645441
0.975 2.531349
1 3.470314
1.025 3.254561
1.05 2.747363
1.075 3.312128
1.1 2.220688
1.125 3.976248
1.15 3.097296
1.175 2.564018
1.2 2.582549
1.225 3.2281
