0 0.399808
0.025 0.429755
0.05 0.463188
0.075 0.500672
0.1 0.542892
0.125 0.590659
0.15 0.644999
0.175 0.707165
0.2 0.778737
0.225 0.86169
0.25 0.95857
0.275 1.072646
0.3 1.208208
0.325 1.370985
0.35 1.568679
0.375 1.811947
0.4 2.115764
0.425 2.501707
0.45 3.001617
0.475 3.664325
0.5 4.566881
0.525 5.836292
0.55 7.691958
0.575 10.533305
0.6 15.128428
0.625 23.009704
0.65 37.088621
0.675 60.409377
0.7 82.819527
0.725 76.252209
0.75 48.683985
0.775 23.662015
0.8 7.293177
0.825 0
0.85 0
0.875 2.036012
0.9 10.889935
0.925 9.474906
0.95 3.979965
0.975 0.912083
1 0
1.025 0.801524000000001
1.05 0
1.075 1.943852
1.1 6.691198
1.125 6.169487
1.15 3.618644
1.175 6.032102
1.2 0.553251
1.225 1.916263
