0 0.0004912823103476469 0.03808722011602863 0.2531952829115736 0.3251953159785059 0.3251953205855623 0.3432617262177472 0.4379344675588682 0.5742187561790157 
1 0.0015888346568910794 0.003519799740585115 0.008558608530312244 0.008939085715000388 0.008939085865554131 0.009186035500965327 0.010385663460706485 0.011905823822635728 
2 0.0032162602154998383 0.004116532228003659 0.009002442870078047 0.00909291761858592 0.009092917517503397 0.00934175614039806 0.010554038692068765 0.012093904284016334 
3 0.004872351067612398 0.005030296944614848 0.00942188112202919 0.009253177091939133 0.009253177195277478 0.009502116937602122 0.010724461779175506 0.012283850896819892 
4 0.006565789720562384 0.006545935879899159 0.010006537565411568 0.009427299531350278 0.009427299634122135 0.009670456091243004 0.010897956920377715 0.012477244890870327 
5 0.008300870804470005 0.008368474828350458 0.010771362318841755 0.010197806503180378 0.010197805849208569 0.009856094926190787 0.011076179970955249 0.012675331259639358 
6 0.010081364451990524 0.010223089676961037 0.01154291576865648 0.010972074526992556 0.010972074245254641 0.010640337188066841 0.011261275942468401 0.01287990762277991 
7 0.01191296141402246 0.012126148047110789 0.012327104299943867 0.011755590539662727 0.011755589559008501 0.011433373469806067 0.011456266356759478 0.013092924812431584 
8 0.013804108274729875 0.014091195586629284 0.013128164459339878 0.012553631863107755 0.012553633385908699 0.012238748886624235 0.011665817380514674 0.013316780319048524 
9 0.01576601064787536 0.016135052005352934 0.013951040133012826 0.013370760936679972 0.01337076260627542 0.013061438150659684 0.011898862431083129 0.013554672006322181 
10 0.017812526413307054 0.018278245222420948 0.014801620839843054 0.014211343176773954 0.014211343808837923 0.013906255730790445 0.012253818655743199 0.013810936752615983 
11 0.01996042255350397 0.020547555672699593 0.015692386665386096 0.015079817825714362 0.015079817993389425 0.014778030886371352 0.013129086662199821 0.014091628437192768 
12 0.022230088912468794 0.02297920869182372 0.016860587089660987 0.015981071858783443 0.015981069046438926 0.015681961930625876 0.014047081516558695 0.014405541759584405 
13 0.024646961730653668 0.02562698864740764 0.01878973067009144 0.016920571446622564 0.01692056891564585 0.01662382250088039 0.01500637195948061 0.01476652103513406 
14 0.027243831096090455 0.028582633724708154 0.021450226936667295 0.017904596975660277 0.017904594607542818 0.017610168067917875 0.01601310266367092 0.015198854065722642 
15 0.030064839350616063 0.032096193407589554 0.024406698610725384 0.018940411153049695 0.018940410725134357 0.018648544313535444 0.017076416616706544 0.015754584601494988 
16 0.03317237751089357 0.0343297546333029 0.02433382598679342 0.02003660570101186 0.020036608123955905 0.019747864796808158 0.01820818221297083 0.016617537671366134 
17 0.03666065180654285 0.037313568263609584 0.024535794929524443 0.02120348361949176 0.021203487960138226 0.020918810997546458 0.019423944116394677 0.01710810220669892 
18 0.0406853816459933 0.041802690543080646 0.025365824139416317 0.02245351896795889 0.02245352386655143 0.022174424391927763 0.02074480844592607 0.01782303280258321 
19 0.0455444327093801 0.04356996165086537 0.02647858759376742 0.023802129533158415 0.023802132912686475 0.023531023717558865 0.022201484697590056 0.01865304734028267 
20 0.05196927438409673 0.04270494830434033 0.027797923385753875 0.02526884341263172 0.025268842213069385 0.025009266362588635 0.02384421850227759 0.019583030157096684 
21 0.06303666751102258 0.043392368606556826 0.02931029758447953 0.026879004696768034 0.026878998755706034 0.026636439529606558 0.025776534402565204 0.020618554397593962 
22 0.060722150458254284 0.04491969221371589 0.031031511807344373 0.028666289174897087 0.02866628124362509 0.028449559866551007 0.028390874148464404 0.021775975723397713 
23 0.054363023361668 0.04730113139456807 0.03299811196187014 0.03067709621743317 0.03067708790711934 0.0305009356091742 0.02952048927643104 0.02308162245900513 
24 0.0511072566372769 0.05144382166033181 0.035268792875603056 0.03297795498192337 0.03297795563649338 0.03286973721312459 0.03085172442963203 0.024574476765429783 
25 0.048980155551343676 0.05260706672726488 0.0379362545380048 0.035670690697848347 0.0356706896101411 0.03568923490568181 0.03260110624623183 0.026312808201383712 
26 0.04747277198344715 0.0505279475625268 0.04115512104067016 0.038928244127734705 0.03892825813421223 0.03923741245682005 0.03476103093359654 0.028386857400462484 
27 0.04636913532985292 0.0502054932916984 0.04517561064631844 0.04311124994086826 0.04311124908940135 0.0446161051838398 0.03745014984372119 0.03094351814817943 
28 0.04555780401846852 0.04848421677241949 0.04991267434562711 0.04961403113214306 0.04961402475594349 0.04677946481811607 0.04091243463114373 0.03424318484337767 
29 0.04497453292673475 0.04748604123235939 0.056145947042435994 0.052746064574748515 0.052746064046087976 0.051074017000471844 0.045647401511479446 0.03880958803942682 
30 0.0445804586061187 0.046867755379371163 0.06499071119259854 0.059236166853487836 0.05923616873224396 0.05788382798062544 0.05285573818357928 0.04592070005509841 
31 0.04435229002628049 0.04652508021704845 0.07399244863919001 0.07167359837847455 0.0716735536338659 0.0706314123924012 0.06662156170070378 0.06010089955065087 
32 0.04427754613967724 0.046415002359352774 0.07252322549484207 0.11971442647073029 0.11971452425835444 0.12088091788984139 0.1275493638556105 0.1320583591611571 
33 0.04435229002612086 0.0465250802158154 0.07399244905310155 0.07167359838157673 0.07167355363696565 0.07063141239552316 0.06662156170377717 0.060100899554140365 
34 0.0445804586057773 0.04686775537664556 0.06499071123645095 0.059236166853855424 0.05923616873261032 0.05788382798099978 0.05285573818389469 0.045920700055318314 
35 0.04497453292616143 0.047486041227455665 0.05614594699342199 0.05274606457475555 0.05274606404609682 0.05107401700069341 0.04564740151176695 0.03880958803947816 
36 0.0455578040175643 0.04848421676349621 0.04991267436077221 0.04961403113224167 0.04961402475603995 0.046779464817898644 0.040912434631137404 0.034243184843097484 
37 0.046369135328433196 0.050205493279439004 0.04517561065368286 0.04311124994121455 0.043111249089746846 0.04461610518388788 0.03745014984361536 0.030943518147989978 
38 0.04747277198114668 0.05052794754905591 0.04115512103942435 0.038928244127802346 0.03892825813428004 0.039237412457142976 0.03476103093347468 0.028386857400383443 
39 0.048980155547325765 0.052607066711148585 0.037936254539932095 0.035670690697812216 0.03567068961010515 0.03568923490571689 0.032601106246101554 0.02631280820134056 
40 0.05110725662902701 0.05144382167082834 0.0352687928780689 0.032977954981838274 0.03297795563640902 0.03286973721306595 0.030851724429491023 0.024574476765387657 
41 0.05436302334094487 0.047301131405695626 0.03299811196455203 0.030677096217313102 0.030677087906999228 0.03050093560906271 0.029520489276279416 0.023081622458961802 
42 0.060722150432074025 0.04491969221987075 0.031031511810440476 0.028666289174773887 0.02866628124350177 0.028449559866419862 0.02839087414849192 0.021775975723358938 
43 0.06303666752387856 0.04339236860637162 0.029310297588153112 0.026879004696653313 0.026878998755591195 0.026636439529483906 0.025776534402768003 0.020618554397566057 
44 0.051969274416532596 0.04270494829581277 0.027797923390114023 0.025268843412540255 0.02526884221297743 0.025009266362492854 0.023844218502313747 0.019583030157081016 
45 0.04554443272125259 0.043569961639207795 0.02647858759937305 0.023802129533094595 0.023802132912622866 0.023531023717490974 0.022201484697565638 0.018653047340293216 
46 0.04068538165166729 0.04180269056188278 0.025365824147059308 0.022453518967921002 0.022453523866513656 0.022174424391887836 0.020744808445883115 0.017823032802609634 
47 0.03666065180948923 0.03731356827922162 0.024535794931072507 0.021203483619475737 0.021203487960122655 0.020918810997534308 0.01942394411635078 0.017108102206708633 
48 0.03317237751228934 0.034329754638699084 0.02433382602750746 0.020036605701014423 0.02003660812395871 0.019747864796816617 0.01820818221293531 0.016617537671454418 
49 0.030064839351030475 0.032096193411304416 0.02440669859651596 0.018940411153065606 0.018940410725150646 0.018648544313557423 0.017076416616685065 0.015754584601665098 
50 0.02724383109586335 0.028582633735235848 0.021450226873334127 0.017904596975685076 0.017904594607567808 0.01761016806794583 0.016013102663662637 0.015198854065738229 
51 0.02464696173002143 0.025626988655952317 0.01878973068857952 0.01692057144664991 0.01692056891567309 0.016623822500910653 0.015006371959488287 0.014766521035090996 
52 0.022230088911619834 0.02297920869929684 0.016860587076891337 0.015981071858812954 0.015981069046468156 0.01568196193065513 0.014047081516585931 0.014405541759525704 
53 0.01996042255260551 0.020547555679811695 0.015692386662742808 0.01507981782574201 0.01507981799341679 0.014778030886394497 0.013129086662255523 0.014091628437140857 
54 0.01781252641252859 0.01827824522971283 0.014801620841952133 0.0142113431767951 0.014211343808858818 0.013906255730802194 0.012253818655788807 0.01381093675258597 
55 0.015766010647389216 0.016135052013241273 0.013951040135783327 0.013370760936684314 0.013370762606279684 0.013061438150659025 0.011898862431102622 0.013554672006321758 
56 0.013804108274708923 0.014091195595487393 0.01312816446277045 0.012553631863100006 0.012553633385901155 0.012238748886616104 0.011665817380519453 0.013316780319076103 
57 0.011912961414613751 0.012126148057252829 0.012327104303037953 0.01175559053964869 0.011755589558994544 0.011433373469815124 0.011456266356752693 0.013092924812475032 
58 0.010081364453276273 0.010223089688631337 0.01154291577260828 0.010972074527009289 0.010972074245271506 0.010640337188111719 0.011261275942457872 0.012879907622813373 
59 0.008300870806426537 0.008368474841678117 0.010771362319812587 0.010197806503236628 0.010197805849264734 0.009856094926213588 0.011076179970954881 0.0126753312596428 
60 0.0065657897230561885 0.0065459358943654004 0.010006537561831548 0.009427299531381082 0.009427299634152817 0.009670456091257138 0.010897956920401275 0.01247724489087432 
61 0.004872351070540586 0.005030296951746663 0.00942188111347983 0.009253177091944103 0.00925317719528259 0.009502116937613827 0.01072446177922257 0.012283850896903134 
62 0.0032162602192567775 0.0041165322278992195 0.00900244319933163 0.009092917618591186 0.009092917517508459 0.00934175614040422 0.010554038692101628 0.012093904284103087 
63 0.0015888346624782878 0.0035197997416080004 0.00855860746380487 0.008939085715014198 0.00893908586556797 0.009186035500984747 0.010385663460793951 0.011905823822696568 
64 0.0004912823103477255 0.03808722011602811 0.25319528291156934 0.3251953159785003 0.32519532058555706 0.3432617262177416 0.43793446755886056 0.5742187561790063 
