0 1.999676301743911 1.9632093372112218 1.6914329328480397 
1 0.7784263962767897 0.7499260888063547 0.7254581891183656 
2 0.21865688683514672 0.14202891648783433 0.29776103328695747 
3 0.1641326748781502 0.049924329591090416 0.23098543121252985 
4 0.09595157917376723 0.03379925342082323 0.15994995997337416 
5 0.06315334221424397 0.010464363674412426 0.1288153156654028 
6 0.0733852602946419 0.030939997933764094 0.1044858247419102 
7 0.041855388771448426 0.015665609994835676 0.08619051789624449 
8 0.03307706613113682 0.012748936194732479 0.07656176685950325 
9 0.044281285227697816 0.0268972563172029 0.06582491191292301 
10 0.024727694717702208 0.019861085449668685 0.06185503975349566 
11 0.021212478120771833 0.004218677392247548 0.056115154939314155 
12 0.030474736196468684 0.017476358764320292 0.0540492394732411 
13 0.016693406851569188 0.01179113809836074 0.05137456350963996 
14 0.01503511653995476 0.002781472710639964 0.049468160651921264 
15 0.022541006104197143 0.0067981270682328405 0.04829076031185727 
16 0.012141815931854875 0.0005125883195613762 0.045870338550795225 
17 0.011304414196353979 0.00048375467283966943 0.04504968290063211 
18 0.01743501749188418 0.006604740617601995 0.04209831396405043 
19 0.009251978160088239 0.008516283084749892 0.040988413234054666 
20 0.008824264158283749 0.004064549004635291 0.03784961056629322 
21 0.013895044902308886 0.011637524682002109 0.036269749234601745 
22 0.007270553553151294 0.008987421229575325 0.03339348468258999 
23 0.007060065846903477 0.001865364523982284 0.03150136531166341 
24 0.011307010615007213 0.005515867280217586 0.029241895839065408 
25 0.005836169457489627 0.004216851122156602 0.02735387735360584 
26 0.005740138324415314 0.001306576468764278 0.02585073357139991 
27 0.009337810298973735 0.0023276854859579934 0.02426839923003725 
28 0.004755311034321905 0.0024588601053753337 0.02342641736115246 
29 0.0047131165997274065 9.499107933834813e-05 0.022318426403784737 
30 0.007792723277433583 0.005627875504127625 0.021874400327285045 
31 0.003916272367858255 0.006391819841045317 0.021236475705327367 
32 0.0038887125927565317 0.0016648239180923035 0.020874365658471266 
33 0.006551378276707365 0.004884631646237702 0.02056106714230568 
34 0.003250218209079197 0.004422142277967629 0.020027628687880994 
35 0.0032104467994973087 0.0006691769672557633 0.01982824566170345 
36 0.005536817608703804 0.0016617919869087545 0.019008567430665466 
37 0.0027122702329160616 0.0005297686441526358 0.018731464532825766 
38 0.0026418684885991207 0.0005629839853716008 0.017664145666593144 
39 0.004699533073693062 0.0019366249274915055 0.017198318220892468 
40 0.002272021369504854 0.0035999775682003412 0.016033543632904726 
41 0.0021595123656955087 0.0007733296172521137 0.015369521823578565 
42 0.004010794965820797 0.0032661889894056136 0.014292315053024446 
43 0.0019079770179243488 0.003810698420994291 0.013501195825666017 
44 0.0017508108029997847 0.0010825837945963573 0.012652203362233591 
45 0.003468533725224998 0.0020004827902727986 0.011836293810130996 
46 0.0016047268126471047 0.002006951001122002 0.01126166421249066 
47 0.0014235872450745438 0.0006102914829806134 0.010496654621645295 
