-4.27999999885742e-07 0.0333333333333334
0.0834406315000003 0.0666666666666667
0.0848660017 0.0166666666666666
0.192024329100001 0.05
0.201225126400001 0.1
0.2605468219 0.0833333333333333
0.310785105200001 0.133333333333333
0.332012378599998 0.116666666666667
0.394710395500002 0.15
0.423421074999997 0.166666666666667
0.448734394600002 0.183333333333333
0.494212728699999 0.216666666666667
0.5387494778 0.2
0.556654563400002 0.25
0.631080875799999 0.233333333333333
0.655278305300001 0.266666666666667
0.6747261332 0.3
0.681078472899998 0.283333333333333
0.705019711399999 0.333333333333333
0.783215785099998 0.383333333333333
0.785442925200002 0.316666666666667
0.787943293200001 0.35
0.8312373487 0.366666666666667
0.8521692835 0.433333333333333
0.858004995600002 0.416666666666667
0.8724032075 0.4
0.884676799899996 0.466666666666667
0.895083934600002 0.483333333333333
0.9116798887 0.516666666666667
0.916140884999997 0.533333333333333
0.929797559600001 0.45
0.939556647100005 0.566666666666667
0.962006845300003 0.5
0.968812038899998 0.55
1.18867820809999 0.583333333333333
1.4271009658 0.6
1.6545540195 0.616666666666667
1.87082484659999 0.633333333333333
2.0757645579 0.65
2.26928772780001 0.666666666666667
2.45136956149999 0.683333333333333
2.6220417624 0.7
2.7813878106 0.716666666666667
2.9295380378 0.733333333333333
3.06666471339999 0.75
3.1929772678 0.766666666666667
3.30871772100001 0.783333333333333
3.414156358 0.8
3.5095876689 0.816666666666667
3.595326566 0.833333333333333
3.67170486590001 0.85
3.7390680596 0.866666666666667
3.7977723139 0.883333333333333
3.84818217409999 0.9
3.89066641420001 0.916666666666667
3.9255974078 0.933333333333333
3.953350734 0.95
3.974299485 0.966666666666667
3.989289859 0.983333333333333
4 1
4.1 1
