0 0.154950579604443 0.0346459999999999
0.025 0.164728995644788 0.036277
0.05 0.175357100410676 0.0383930000000001
0.075 0.188933931700827 0.041062
0.1 0.206837747143013 0.044067
0.125 0.227137795267704 0.047335
0.15 0.247377991056682 0.050979
0.175 0.26813456421446 0.0551640000000001
0.2 0.291035126677868 0.0605049999999999
0.225 0.321088410713217 0.0665909999999999
0.25 0.367131389999854 0.0733150000000002
0.275 0.44269859505543 0.0797490000000002
0.3 0.558211881312423 0.0851839999999999
0.325 0.696285943875896 0.0874599999999999
0.35 0.815397454730312 0.0835220000000001
0.375 0.892799154147512 0.0749289999999999
0.4 0.953670624536884 0.0646040000000001
0.425 1.00888214927043 0.0590520000000001
0.45 1.13919129244551 0.0577680000000001
0.475 1.37364027395991 0.0725859999999998
0.5 1.63047957986035 0.0873690000000001
0.525 1.89052009205993 0.0950479999999999
0.55 1.99816437646707 0.10961
0.575 2.0603384183837 0.115947
0.6 2.07846687082793 0.12588
0.625 2.17886017988305 0.15491
0.65 2.32844960289072 0.18571
0.675 2.43130194879377 0.196724
0.7 2.7832038339845 0.205829
0.725 2.8048642831217 0.207143
0.75 2.72508282278348 0.23827
0.775 2.65332448891848 0.282994
0.8 2.68095562543002 0.317306
0.825 2.33668367588892 0.310759
0.85 2.13044803407191 0.307651
0.875 2.17165175528008 0.262134
0.9 2.07824953633388 0.294244
0.925 1.99947181120792 0.292885
0.95 2.01100154389879 0.336403
0.975 2.08530886619684 0.287349
1 2.08587708619565 0.336847
1.025 1.90222678983768 0.336771
1.05 2.11154386199663 0.272182
1.075 2.00967004985758 0.247722
1.1 1.86607040982036 0.284945
1.125 1.7656671584112 0.307633
1.15 1.68691301321023 0.425945
1.175 1.75566207582308 0.453515
1.2 1.7706615879914 0.392902
1.225 1.68042696399525 0.300089
1.25 1.58560906602511 0.325075
1.275 1.58057133564664 0.355185
1.3 1.46593664666851 0.398127
1.325 1.47847534290923 0.44948
1.35 1.43626646538621 0.364648
1.375 1.37985546106442 0.471117
1.4 1.44977051985704 0.474184
1.425 1.42077417721288 0.460803
1.45 1.36160554605726 0.433612
1.475 1.3511060892821 0.346829
1.5 1.30274253618191 0.346846
1.525 1.35550332045571 0.334267
1.55 1.25687580573357 0.404423
1.575 1.20773275957608 0.530093
1.6 1.14441604807006 0.584164
1.625 1.13905324410901 0.680828
1.65 1.13110889104059 0.683208
1.675 1.13408633935638 0.804811
1.7 1.1227437728819 1.176791
1.725 1.16238987480655 1.238278
1.75 1.12142181323621 1.634349
1.775 1.0565119169056 2.253397
1.8 1.01018811065621 2.426873
1.825 0.950386168913342 2.723636
1.85 0.954099298617172 2.517211
1.875 0.892502853337782 2.580674
1.9 0.880959101437744 2.479369
1.925 0.870390180737048 2.543996
1.95 0.851694175673048 2.450616
1.975 0.820209573587731 2.619957
2 0.895720253728429 2.321434
2.025 0.834962075519324 2.149487
2.05 0.818939604640277 2.354359
2.075 0.85621751369517 2.138454
2.1 0.863163051095511 2.110104
2.125 0.838950922910593 2.037378
2.15 0.859840431738681 1.996555
2.175 0.877424405944928 2.132224
2.2 0.872503837983812 2.014654
2.225 0.897000554119708 1.751993
2.25 0.843266164948862 1.79636
2.275 0.858897410024525 1.684539
2.3 0.887345401361964 1.726848
2.325 0.885978697608083 1.577182
2.35 0.902791879232263 1.558538
2.375 0.914131575999202 1.574553
2.4 0.915859618633461 1.545091
2.425 0.864350974326539 1.56818
2.45 0.854441910386587 1.468393
2.475 0.780708272867633 1.470186
