0 0.0209682647612978 48.666627
0.025 0.0213419449016379 54.952311
0.05 0.0207045921731297 56.028584
0.075 0.0195229617428483 52.02972
0.1 0.0188549606162029 45.736378
0.125 0.0198241082842202 39.435297
0.15 0.022364082477636 33.966531
0.175 0.0195186191093508 29.603594
0.2 0.0195064715051094 26.328477
0.225 0.0204632119059615 23.687282
0.25 0.00990258303155437 21.15469
0.275 0.0188608349636063 18.692772
0.3 0.0276677963180479 16.481181
0.325 0.0310955464929178 14.643172
0.35 0.029404127621636 13.082729
0.375 0.0427553520066726 12.150196
0.4 0.0498860435147786 11.412949
0.425 0.00236362085226539 10.967771
0.45 0.0455522521661178 10.392913
0.475 0.00708076499056616 9.47471700000001
0.5 0.0343787132636851 8.82422499999999
0.525 0.0126899375732237 8.611178
0.55 0.0259507870022802 8.23155300000001
0.575 0.0158053985301441 7.646212
0.6 0.00668532200988028 7.081952
0.625 0 6.504406
0.65 0.0455736733244037 5.759815
0.675 0.0841774507427202 5.37129
0.7 0.0517033519425668 5.062627
0.725 0.131874011654039 5.160781
0.75 0.104450141632614 4.855656
0.775 0.112491357076068 4.620211
0.8 0.042491227456113 4.508752
0.825 0.0249170544282138 4.262384
0.85 0.0290153025910158 4.239377
0.875 0 4.315518
0.9 0 4.646479
0.925 0 4.316481
0.95 0 4.211559
0.975 0.0632833549159996 4.000509
1 0 3.621999
1.025 0.0327075350716437 3.543292
1.05 0 3.465696
1.075 0.000796392617553369 3.392634
1.1 0.104531818149466 2.926602
1.125 0.103014739347552 2.425772
1.15 0 2.568596
1.175 0.193432965672179 2.608949
1.2 0.282119932666776 2.317226
1.225 0.428077382552424 2.283175
1.25 0.294827580164975 2.10525
1.275 0.324033213564074 2.328781
1.3 0.217860831816417 2.176818
1.325 0.0593750689770438 2.05981
1.35 0.175096390780082 2.315436
1.375 0.344759244666853 2.533586
1.4 0.200849682588549 2.262351
1.425 0.108724627988311 2.507811
1.45 0 2.334823
1.475 0.204977703113859 2.33569
1.5 0 2.088908
1.525 0.357135033478346 1.846837
1.55 0.190745074820655 2.071786
1.575 0.282397712871892 2.006774
1.6 0.258545613200157 1.661447
1.625 0.336554358719415 1.543741
1.65 0.267683591150601 1.848406
1.675 0.628885020005616 1.572499
1.7 0.664383636056558 2.052143
1.725 0.693824941399377 1.699784
1.75 0.534447017046771 1.126417
1.775 0.799641640240485 1.539733
1.8 1.10122523302646 1.729933
1.825 0.96557974353214 1.789696
1.85 1.0765001956067 1.225674
1.875 1.24007406347244 1.264618
1.9 1.36387148658692 1.118011
1.925 1.82207895602213 1.473637
1.95 2.26901932910605 1.558175
1.975 2.47325778354418 1.209274
2 3.06033390240409 1.280623
2.025 3.70776414986081 1.411103
2.05 4.11674271832733 1.386414
2.075 3.88233466365402 1.48651
2.1 4.07874616254189 1.328702
2.125 3.67693762263391 1.011604
2.15 3.5426343876684 1.079271
2.175 3.17069297419871 1.157208
2.2 2.52743517844676 1.029054
2.225 2.5814985257591 0.983601
2.25 2.52486906265969 1.223487
2.275 2.23419814274216 0.865462
2.3 2.40028519396771 0.975410000000001
2.325 2.05513288184476 0.960295
2.35 1.97057189631688 0.955558
2.375 1.83799046718651 0.997339
2.4 1.76258061670394 0.918756
2.425 1.48565776776072 1.015268
2.45 1.42125771278318 0.788537
2.475 1.47917013562523 0.849638
